   3.0000000e-02            -Inf
   6.0000000e-02   5.6515604e+01
   9.0000000e-02   5.9342283e+01
   1.2000000e-01   5.8222265e+01
   1.5000000e-01   5.8365980e+01
   1.8000000e-01   6.1526613e+01
   2.1000000e-01   5.9552631e+01
   2.4000000e-01   6.1056747e+01
   2.7000000e-01   6.2927695e+01
   3.0000000e-01   6.3280545e+01
   3.3000000e-01   6.3812031e+01
   3.6000000e-01   6.4157721e+01
   3.9000000e-01   6.5017740e+01
   4.2000000e-01   6.5412327e+01
   4.5000000e-01   6.5806902e+01
   4.8000000e-01   6.6084870e+01
   5.1000000e-01   6.8157009e+01
   5.4000000e-01   6.7965765e+01
   5.7000000e-01   6.9433412e+01
   6.0000000e-01   7.0833338e+01
   6.3000000e-01   6.9362032e+01
   6.6000000e-01   7.0190706e+01
   6.9000000e-01   6.9985981e+01
   7.2000000e-01   7.0471766e+01
   7.5000000e-01   7.2092200e+01
   7.8000000e-01   7.3123056e+01
   8.1000000e-01   7.3223741e+01
   8.4000000e-01   7.4010541e+01
   8.7000000e-01   7.4226491e+01
   9.0000000e-01   7.5630914e+01
   9.3000000e-01   7.4448827e+01
   9.6000000e-01   7.3091303e+01
   9.9000000e-01   7.4329298e+01
   1.0200000e+00   7.3793070e+01
   1.0500000e+00   7.3430575e+01
   1.0800000e+00   7.3326241e+01
   1.1100000e+00   7.4801718e+01
   1.1400000e+00   7.4900212e+01
   1.1700000e+00   7.4516954e+01
   1.2000000e+00   7.3941665e+01
   1.2300000e+00   7.3902141e+01
   1.2600000e+00   7.3856548e+01
   1.2900000e+00   7.4568139e+01
   1.3200000e+00   7.5547855e+01
   1.3500000e+00   7.6277076e+01
   1.3800000e+00   7.4132173e+01
   1.4100000e+00   7.2465898e+01
   1.4400000e+00   7.3678307e+01
   1.4700000e+00   7.4375042e+01
   1.5000000e+00   7.5176835e+01
   1.5300000e+00   7.4209142e+01
   1.5600000e+00   7.3979762e+01
   1.5900000e+00   7.5567217e+01
   1.6200000e+00   7.4245155e+01
   1.6500000e+00   7.4426305e+01
   1.6800000e+00   7.3725351e+01
   1.7100000e+00   7.4050887e+01
   1.7400000e+00   7.5769407e+01
   1.7700000e+00   7.4429772e+01
   1.8000000e+00   7.3458076e+01
   1.8300000e+00   7.2909959e+01
   1.8600000e+00   7.2693968e+01
   1.8900000e+00   7.3948015e+01
   1.9200000e+00   7.4476417e+01
   1.9500000e+00   7.3843289e+01
   1.9800000e+00   7.3985210e+01
   2.0100000e+00   7.5364705e+01
   2.0400000e+00   7.4689663e+01
   2.0700000e+00   7.4355320e+01
   2.1000000e+00   7.3082099e+01
   2.1300000e+00   7.4191936e+01
   2.1600000e+00   7.4283712e+01
   2.1900000e+00   7.4159186e+01
   2.2200000e+00   7.4270308e+01
   2.2500000e+00   7.4442058e+01
   2.2800000e+00   7.3636376e+01
   2.3100000e+00   7.3974184e+01
   2.3400000e+00   7.5049444e+01
   2.3700000e+00   7.3935655e+01
   2.4000000e+00   7.3779958e+01
   2.4300000e+00   7.4021945e+01
   2.4600000e+00   7.4932130e+01
   2.4900000e+00   7.2876450e+01
   2.5200000e+00   7.3329662e+01
   2.5500000e+00   7.3975945e+01
   2.5800000e+00   7.5079885e+01
   2.6100000e+00   7.5056420e+01
   2.6400000e+00   7.3718611e+01
   2.6700000e+00   7.4733085e+01
   2.7000000e+00   7.3544456e+01
   2.7300000e+00   7.3347433e+01
   2.7600000e+00   7.2538118e+01
   2.7900000e+00   7.3593142e+01
   2.8200000e+00   7.3618292e+01
   2.8500000e+00   7.3710624e+01
   2.8800000e+00   7.5458793e+01
   2.9100000e+00   7.4517511e+01
   2.9400000e+00   7.5471964e+01
   2.9700000e+00   7.4922621e+01
   3.0000000e+00   7.3956250e+01
   3.0300000e+00   7.3355304e+01
   3.0600000e+00   7.3898816e+01
   3.0900000e+00   7.3890568e+01
   3.1200000e+00   7.3850102e+01
   3.1500000e+00   7.3579620e+01
   3.1800000e+00   7.3880163e+01
   3.2100000e+00   7.3977252e+01
   3.2400000e+00   7.4334770e+01
   3.2700000e+00   7.4195826e+01
   3.3000000e+00   7.4336173e+01
   3.3300000e+00   7.5034414e+01
   3.3600000e+00   7.4112187e+01
   3.3900000e+00   7.4029067e+01
   3.4200000e+00   7.3195260e+01
   3.4500000e+00   7.3423594e+01
   3.4800000e+00   7.4468915e+01
   3.5100000e+00   7.5610406e+01
   3.5400000e+00   7.3536292e+01
   3.5700000e+00   7.5222109e+01
   3.6000000e+00   7.4901719e+01
   3.6300000e+00   7.3194661e+01
   3.6600000e+00   7.3092061e+01
   3.6900000e+00   7.4783579e+01
   3.7200000e+00   7.3744126e+01
   3.7500000e+00   7.3869540e+01
   3.7800000e+00   7.3406596e+01
   3.8100000e+00   7.4236810e+01
   3.8400000e+00   7.4331878e+01
   3.8700000e+00   7.5124541e+01
   3.9000000e+00   7.3318926e+01
   3.9300000e+00   7.3725306e+01
   3.9600000e+00   7.3746929e+01
   3.9900000e+00   7.4733896e+01
   4.0200000e+00   7.2341830e+01
   4.0500000e+00   7.3476963e+01
   4.0800000e+00   7.3967357e+01
   4.1100000e+00   7.2662800e+01
   4.1400000e+00   7.4926425e+01
   4.1700000e+00   7.5506249e+01
   4.2000000e+00   7.4377051e+01
   4.2300000e+00   7.3619770e+01
   4.2600000e+00   7.3207597e+01
   4.2900000e+00   7.3117027e+01
   4.3200000e+00   7.2263209e+01
   4.3500000e+00   7.4101772e+01
   4.3800000e+00   7.2714065e+01
   4.4100000e+00   7.4233525e+01
   4.4400000e+00   7.3910446e+01
   4.4700000e+00   7.4722832e+01
   4.5000000e+00   7.4687159e+01
   4.5300000e+00   7.4036786e+01
   4.5600000e+00   7.5733017e+01
   4.5900000e+00   7.3987145e+01
   4.6200000e+00   7.2980945e+01
   4.6500000e+00   7.3804219e+01
   4.6800000e+00   7.3783243e+01
   4.7100000e+00   7.3704531e+01
   4.7400000e+00   7.3194232e+01
   4.7700000e+00   7.3413069e+01
   4.8000000e+00   7.3785372e+01
   4.8300000e+00   7.4461307e+01
   4.8600000e+00   7.5080882e+01
   4.8900000e+00   7.5242953e+01
   4.9200000e+00   7.4849264e+01
   4.9500000e+00   7.4412174e+01
   4.9800000e+00   7.4127822e+01
   5.0100000e+00   7.4297546e+01
   5.0400000e+00   7.5062667e+01
   5.0700000e+00   7.4772367e+01
   5.1000000e+00   7.4383162e+01
   5.1300000e+00   7.3815651e+01
   5.1600000e+00   7.4429474e+01
   5.1900000e+00   7.3876800e+01
   5.2200000e+00   7.4981238e+01
   5.2500000e+00   7.4171914e+01
   5.2800000e+00   7.4999607e+01
   5.3100000e+00   7.4251961e+01
   5.3400000e+00   7.4732273e+01
   5.3700000e+00   7.4531625e+01
   5.4000000e+00   7.4758946e+01
   5.4300000e+00   7.5133098e+01
   5.4600000e+00   7.3749570e+01
   5.4900000e+00   7.3939416e+01
   5.5200000e+00   7.4742764e+01
   5.5500000e+00   7.5017426e+01
   5.5800000e+00   7.3352959e+01
   5.6100000e+00   7.5024473e+01
   5.6400000e+00   7.4694919e+01
   5.6700000e+00   7.5027700e+01
   5.7000000e+00   7.5279073e+01
   5.7300000e+00   7.5092788e+01
   5.7600000e+00   7.5820630e+01
   5.7900000e+00   7.3740145e+01
   5.8200000e+00   7.5301446e+01
   5.8500000e+00   7.3537652e+01
   5.8800000e+00   7.4521871e+01
   5.9100000e+00   7.4162539e+01
   5.9400000e+00   7.4485927e+01
   5.9700000e+00   7.3560844e+01
   6.0000000e+00   7.4862626e+01
   6.0300000e+00   7.5135531e+01
   6.0600000e+00   7.5166942e+01
   6.0900000e+00   7.4347692e+01
   6.1200000e+00   7.4093357e+01
   6.1500000e+00   7.5047692e+01
   6.1800000e+00   7.3806191e+01
   6.2100000e+00   7.2659273e+01
   6.2400000e+00   7.4548508e+01
   6.2700000e+00   7.5378370e+01
   6.3000000e+00   7.3902059e+01
   6.3300000e+00   7.4215448e+01
   6.3600000e+00   7.3154966e+01
   6.3900000e+00   7.4204467e+01
   6.4200000e+00   7.4232699e+01
   6.4500000e+00   7.4996198e+01
   6.4800000e+00   7.5559801e+01
   6.5100000e+00   7.3119374e+01
   6.5400000e+00   7.4032429e+01
   6.5700000e+00   7.4080905e+01
   6.6000000e+00   7.4840279e+01
   6.6300000e+00   7.3926075e+01
   6.6600000e+00   7.4372666e+01
   6.6900000e+00   7.5379146e+01
   6.7200000e+00   7.4768878e+01
   6.7500000e+00   7.3790054e+01
   6.7800000e+00   7.3248684e+01
   6.8100000e+00   7.5347944e+01
   6.8400000e+00   7.4792785e+01
   6.8700000e+00   7.3600179e+01
   6.9000000e+00   7.4380602e+01
   6.9300000e+00   7.3600038e+01
   6.9600000e+00   7.4526677e+01
   6.9900000e+00   7.4327672e+01
   7.0200000e+00   7.3024524e+01
   7.0500000e+00   7.3829564e+01
   7.0800000e+00   7.3941167e+01
   7.1100000e+00   7.2564440e+01
   7.1400000e+00   7.4175196e+01
   7.1700000e+00   7.3437664e+01
   7.2000000e+00   7.4059201e+01
   7.2300000e+00   7.5087026e+01
   7.2600000e+00   7.4938875e+01
   7.2900000e+00   7.4219499e+01
   7.3200000e+00   7.4864660e+01
   7.3500000e+00   7.3405033e+01
   7.3800000e+00   7.4893070e+01
   7.4100000e+00   7.4825067e+01
   7.4400000e+00   7.5789393e+01
   7.4700000e+00   7.5333123e+01
   7.5000000e+00   7.3646410e+01
   7.5300000e+00   7.4198250e+01
   7.5600000e+00   7.4348275e+01
   7.5900000e+00   7.4904498e+01
   7.6200000e+00   7.4230194e+01
   7.6500000e+00   7.3692963e+01
   7.6800000e+00   7.4748785e+01
   7.7100000e+00   7.5259221e+01
   7.7400000e+00   7.4087590e+01
   7.7700000e+00   7.3685411e+01
   7.8000000e+00   7.5642159e+01
   7.8300000e+00   7.3314322e+01
   7.8600000e+00   7.3837767e+01
   7.8900000e+00   7.3891644e+01
   7.9200000e+00   7.5864601e+01
   7.9500000e+00   7.5427750e+01
   7.9800000e+00   7.3656437e+01
   8.0100000e+00   7.5668427e+01
   8.0400000e+00   7.5115034e+01
   8.0700000e+00   7.4379871e+01
   8.1000000e+00   7.4690885e+01
   8.1300000e+00   7.4848223e+01
   8.1600000e+00   7.3455320e+01
   8.1900000e+00   7.4835936e+01
   8.2200000e+00   7.3692443e+01
   8.2500000e+00   7.4122593e+01
   8.2800000e+00   7.4254220e+01
   8.3100000e+00   7.3981140e+01
   8.3400000e+00   7.4897226e+01
   8.3700000e+00   7.5128009e+01
   8.4000000e+00   7.4382871e+01
   8.4300000e+00   7.4507877e+01
   8.4600000e+00   7.2525295e+01
   8.4900000e+00   7.3351397e+01
   8.5200000e+00   7.3866266e+01
   8.5500000e+00   7.4799403e+01
   8.5800000e+00   7.4900730e+01
   8.6100000e+00   7.2749706e+01
   8.6400000e+00   7.5878765e+01
   8.6700000e+00   7.5376337e+01
   8.7000000e+00   7.3561131e+01
   8.7300000e+00   7.4203652e+01
   8.7600000e+00   7.3262072e+01
   8.7900000e+00   7.3214078e+01
   8.8200000e+00   7.2888291e+01
   8.8500000e+00   7.3498970e+01
   8.8800000e+00   7.2066518e+01
   8.9100000e+00   7.4246240e+01
   8.9400000e+00   7.3516706e+01
   8.9700000e+00   7.4054893e+01
   9.0000000e+00   7.4234560e+01
   9.0300000e+00   7.4076302e+01
   9.0600000e+00   7.3398986e+01
   9.0900000e+00   7.3822512e+01
   9.1200000e+00   7.3268407e+01
   9.1500000e+00   7.3901081e+01
   9.1800000e+00   7.3858259e+01
   9.2100000e+00   7.5209392e+01
   9.2400000e+00   7.4950900e+01
   9.2700000e+00   7.3381970e+01
   9.3000000e+00   7.2573202e+01
   9.3300000e+00   7.3447966e+01
   9.3600000e+00   7.3761440e+01
   9.3900000e+00   7.5539815e+01
   9.4200000e+00   7.3590193e+01
   9.4500000e+00   7.4922154e+01
   9.4800000e+00   7.4644431e+01
   9.5100000e+00   7.4535901e+01
   9.5400000e+00   7.3128588e+01
   9.5700000e+00   7.4010160e+01
   9.6000000e+00   7.3354861e+01
   9.6300000e+00   7.5257439e+01
   9.6600000e+00   7.4026848e+01
   9.6900000e+00   7.4308744e+01
   9.7200000e+00   7.3629257e+01
   9.7500000e+00   7.2980548e+01
   9.7800000e+00   7.3859166e+01
   9.8100000e+00   7.4000565e+01
   9.8400000e+00   7.2758389e+01
   9.8700000e+00   7.3406552e+01
   9.9000000e+00   7.2991386e+01
   9.9300000e+00   7.3711585e+01
   9.9600000e+00   7.4492401e+01
   9.9900000e+00   7.3188651e+01
   1.0020000e+01   7.3910210e+01
   1.0050000e+01   7.4524989e+01
   1.0080000e+01   7.3400731e+01
   1.0110000e+01   7.4898675e+01
   1.0140000e+01   7.3624792e+01
   1.0170000e+01   7.3323665e+01
   1.0200000e+01   7.4447956e+01
   1.0230000e+01   7.2649196e+01
   1.0260000e+01   7.2678746e+01
   1.0290000e+01   7.3306796e+01
   1.0320000e+01   7.3107519e+01
   1.0350000e+01   7.4531845e+01
   1.0380000e+01   7.3890558e+01
   1.0410000e+01   7.4277072e+01
   1.0440000e+01   7.5488251e+01
   1.0470000e+01   7.4971836e+01
   1.0500000e+01   7.3082796e+01
   1.0530000e+01   7.3694043e+01
   1.0560000e+01   7.3379253e+01
   1.0590000e+01   7.4692390e+01
   1.0620000e+01   7.3752314e+01
   1.0650000e+01   7.2918123e+01
   1.0680000e+01   7.4278492e+01
   1.0710000e+01   7.3800351e+01
   1.0740000e+01   7.3182928e+01
   1.0770000e+01   7.4257472e+01
   1.0800000e+01   7.4685132e+01
   1.0830000e+01   7.3759465e+01
   1.0860000e+01   7.4724742e+01
   1.0890000e+01   7.4500738e+01
   1.0920000e+01   7.4859391e+01
   1.0950000e+01   7.4751999e+01
   1.0980000e+01   7.3495006e+01
   1.1010000e+01   7.2708065e+01
   1.1040000e+01   7.4811101e+01
   1.1070000e+01   7.2139642e+01
   1.1100000e+01   7.3819873e+01
   1.1130000e+01   7.3983712e+01
   1.1160000e+01   7.5067988e+01
   1.1190000e+01   7.3252374e+01
   1.1220000e+01   7.3814245e+01
   1.1250000e+01   7.4565268e+01
   1.1280000e+01   7.3427050e+01
   1.1310000e+01   7.4164990e+01
   1.1340000e+01   7.5779484e+01
   1.1370000e+01   7.4123364e+01
   1.1400000e+01   7.5522534e+01
   1.1430000e+01   7.4474813e+01
   1.1460000e+01   7.4004790e+01
   1.1490000e+01   7.5130859e+01
   1.1520000e+01   7.3264186e+01
   1.1550000e+01   7.8208017e+01
   1.1580000e+01   7.7505092e+01
   1.1610000e+01   7.4933940e+01
   1.1640000e+01   7.2885118e+01
   1.1670000e+01   7.3428778e+01
   1.1700000e+01   7.3592557e+01
   1.1730000e+01   7.3194322e+01
   1.1760000e+01   7.3674962e+01
   1.1790000e+01   7.5023364e+01
   1.1820000e+01   7.3419688e+01
   1.1850000e+01   7.4688309e+01
   1.1880000e+01   7.3157933e+01
   1.1910000e+01   7.5196000e+01
   1.1940000e+01   7.3995132e+01
   1.1970000e+01   7.3989522e+01
   1.2000000e+01   7.3536276e+01
   1.2030000e+01   7.3336857e+01
   1.2060000e+01   7.3843823e+01
   1.2090000e+01   7.3822097e+01
   1.2120000e+01   7.2994315e+01
   1.2150000e+01   7.3160861e+01
   1.2180000e+01   7.4464081e+01
   1.2210000e+01   7.4385016e+01
   1.2240000e+01   7.3215980e+01
   1.2270000e+01   7.4802280e+01
   1.2300000e+01   7.4228784e+01
   1.2330000e+01   7.3741724e+01
   1.2360000e+01   7.3371555e+01
   1.2390000e+01   7.3887359e+01
   1.2420000e+01   7.3480406e+01
   1.2450000e+01   7.4730365e+01
   1.2480000e+01   7.4483597e+01
   1.2510000e+01   7.4173721e+01
   1.2540000e+01   7.3408584e+01
   1.2570000e+01   7.3431795e+01
   1.2600000e+01   7.3619516e+01
   1.2630000e+01   7.3413952e+01
   1.2660000e+01   7.3257975e+01
   1.2690000e+01   7.2603344e+01
   1.2720000e+01   7.4233294e+01
   1.2750000e+01   7.3214880e+01
   1.2780000e+01   7.3360926e+01
   1.2810000e+01   7.3835304e+01
   1.2840000e+01   7.3080976e+01
   1.2870000e+01   7.3327538e+01
   1.2900000e+01   7.4317480e+01
   1.2930000e+01   7.4442413e+01
   1.2960000e+01   7.3154665e+01
   1.2990000e+01   7.5737501e+01
   1.3020000e+01   7.3608416e+01
   1.3050000e+01   7.3589975e+01
   1.3080000e+01   7.4403030e+01
   1.3110000e+01   7.3029659e+01
   1.3140000e+01   7.2947574e+01
   1.3170000e+01   7.3148915e+01
   1.3200000e+01   7.3755102e+01
   1.3230000e+01   7.4579050e+01
   1.3260000e+01   7.4811091e+01
   1.3290000e+01   7.3883786e+01
   1.3320000e+01   7.2021488e+01
   1.3350000e+01   7.4256390e+01
   1.3380000e+01   7.4163433e+01
   1.3410000e+01   7.4282596e+01
   1.3440000e+01   7.4340940e+01
   1.3470000e+01   7.2731830e+01
   1.3500000e+01   7.3841619e+01
   1.3530000e+01   7.3966560e+01
   1.3560000e+01   7.3833396e+01
   1.3590000e+01   7.1567666e+01
   1.3620000e+01   7.3030808e+01
   1.3650000e+01   7.4903556e+01
   1.3680000e+01   7.4095888e+01
   1.3710000e+01   7.3138257e+01
   1.3740000e+01   7.4288148e+01
   1.3770000e+01   7.4535144e+01
   1.3800000e+01   7.3987590e+01
   1.3830000e+01   7.4288226e+01
   1.3860000e+01   7.4273896e+01
   1.3890000e+01   7.2933351e+01
   1.3920000e+01   7.5251834e+01
   1.3950000e+01   7.3435135e+01
   1.3980000e+01   7.3593501e+01
   1.4010000e+01   7.4516245e+01
   1.4040000e+01   7.5473100e+01
   1.4070000e+01   7.5474216e+01
   1.4100000e+01   7.3456613e+01
   1.4130000e+01   7.4973460e+01
   1.4160000e+01   7.4457781e+01
   1.4190000e+01   7.4742435e+01
   1.4220000e+01   7.5571715e+01
   1.4250000e+01   7.4311060e+01
   1.4280000e+01   7.5497156e+01
   1.4310000e+01   7.5159470e+01
   1.4340000e+01   7.4698616e+01
   1.4370000e+01   7.4619722e+01
   1.4400000e+01   7.4430600e+01
   1.4430000e+01   7.5221750e+01
   1.4460000e+01   7.4407289e+01
   1.4490000e+01   7.4747242e+01
   1.4520000e+01   7.4255985e+01
   1.4550000e+01   7.2730828e+01
   1.4580000e+01   7.2832098e+01
   1.4610000e+01   7.4511193e+01
   1.4640000e+01   7.4404596e+01
   1.4670000e+01   7.5317073e+01
   1.4700000e+01   7.4180467e+01
   1.4730000e+01   7.2473317e+01
   1.4760000e+01   7.3267737e+01
   1.4790000e+01   7.3470182e+01
   1.4820000e+01   7.3141249e+01
   1.4850000e+01   7.4367611e+01
   1.4880000e+01   7.4827789e+01
   1.4910000e+01   7.4609684e+01
   1.4940000e+01   7.4430559e+01
   1.4970000e+01   7.4481841e+01
   1.5000000e+01   7.5474292e+01
   1.5030000e+01   7.3555714e+01
   1.5060000e+01   7.4516777e+01
   1.5090000e+01   7.3827842e+01
   1.5120000e+01   7.3827823e+01
   1.5150000e+01   7.4611978e+01
   1.5180000e+01   7.4358665e+01
   1.5210000e+01   7.4043208e+01
   1.5240000e+01   7.3501351e+01
   1.5270000e+01   7.4159277e+01
   1.5300000e+01   7.3530720e+01
   1.5330000e+01   7.3508832e+01
   1.5360000e+01   7.5434680e+01
   1.5390000e+01   7.3396350e+01
   1.5420000e+01   7.4178632e+01
   1.5450000e+01   7.4376366e+01
   1.5480000e+01   7.4724743e+01
   1.5510000e+01   7.3891468e+01
   1.5540000e+01   7.5764869e+01
   1.5570000e+01   7.5075435e+01
   1.5600000e+01   7.4533046e+01
   1.5630000e+01   7.4696699e+01
   1.5660000e+01   7.3018804e+01
   1.5690000e+01   7.3045200e+01
   1.5720000e+01   7.4201910e+01
   1.5750000e+01   7.3972287e+01
   1.5780000e+01   7.3942408e+01
   1.5810000e+01   7.3870767e+01
   1.5840000e+01   7.2283813e+01
   1.5870000e+01   7.3105719e+01
   1.5900000e+01   7.4407637e+01
   1.5930000e+01   7.3877574e+01
   1.5960000e+01   7.4434963e+01
   1.5990000e+01   7.3134765e+01
   1.6020000e+01   7.4500324e+01
   1.6050000e+01   7.4911383e+01
   1.6080000e+01   7.5885255e+01
   1.6110000e+01   7.4896486e+01
   1.6140000e+01   7.1456074e+01
   1.6170000e+01   7.3892782e+01
   1.6200000e+01   7.3472172e+01
   1.6230000e+01   7.4517528e+01
   1.6260000e+01   7.5314075e+01
   1.6290000e+01   7.4355367e+01
   1.6320000e+01   7.4242929e+01
   1.6350000e+01   7.3432572e+01
   1.6380000e+01   7.2831334e+01
   1.6410000e+01   7.3814937e+01
   1.6440000e+01   7.3813900e+01
   1.6470000e+01   7.4126488e+01
   1.6500000e+01   7.4303035e+01
   1.6530000e+01   7.4604146e+01
   1.6560000e+01   7.4655633e+01
   1.6590000e+01   7.3500050e+01
   1.6620000e+01   7.2523152e+01
   1.6650000e+01   7.4564195e+01
   1.6680000e+01   7.3485941e+01
   1.6710000e+01   7.3471559e+01
   1.6740000e+01   7.3844125e+01
   1.6770000e+01   7.4799781e+01
   1.6800000e+01   7.4193319e+01
   1.6830000e+01   7.4116711e+01
   1.6860000e+01   7.3076206e+01
   1.6890000e+01   7.3870998e+01
   1.6920000e+01   7.3848878e+01
   1.6950000e+01   7.4082154e+01
   1.6980000e+01   7.3450076e+01
   1.7010000e+01   7.3564181e+01
   1.7040000e+01   7.4311845e+01
   1.7070000e+01   7.2601057e+01
   1.7100000e+01   7.4111952e+01
   1.7130000e+01   7.4478137e+01
   1.7160000e+01   7.3641865e+01
   1.7190000e+01   7.5561220e+01
   1.7220000e+01   7.4776556e+01
   1.7250000e+01   7.5033169e+01
   1.7280000e+01   7.3546714e+01
   1.7310000e+01   7.3638918e+01
   1.7340000e+01   7.3512530e+01
   1.7370000e+01   7.5347308e+01
   1.7400000e+01   7.4260739e+01
   1.7430000e+01   7.3599214e+01
   1.7460000e+01   7.4152349e+01
   1.7490000e+01   7.4025497e+01
   1.7520000e+01   7.2733833e+01
   1.7550000e+01   7.4027506e+01
   1.7580000e+01   7.2547384e+01
   1.7610000e+01   7.2575336e+01
   1.7640000e+01   7.6213975e+01
   1.7670000e+01   7.3838102e+01
   1.7700000e+01   7.4583132e+01
   1.7730000e+01   7.5292274e+01
   1.7760000e+01   7.4980778e+01
   1.7790000e+01   7.3202052e+01
   1.7820000e+01   7.3027423e+01
   1.7850000e+01   7.3785935e+01
   1.7880000e+01   7.4480290e+01
   1.7910000e+01   7.4761572e+01
   1.7940000e+01   7.3078862e+01
   1.7970000e+01   7.4023839e+01
   1.8000000e+01   7.3344789e+01
   1.8030000e+01   7.3304392e+01
   1.8060000e+01   7.3210279e+01
   1.8090000e+01   7.9225130e+01
   1.8120000e+01   8.1521897e+01
   1.8150000e+01   7.5376171e+01
   1.8180000e+01   7.3444847e+01
   1.8210000e+01   7.1062083e+01
   1.8240000e+01   7.0688598e+01
   1.8270000e+01   7.5489800e+01
   1.8300000e+01   7.4626505e+01
   1.8330000e+01   7.9203196e+01
   1.8360000e+01   7.5508117e+01
   1.8390000e+01   7.5284364e+01
   1.8420000e+01   7.8528156e+01
   1.8450000e+01   7.1163732e+01
   1.8480000e+01   7.0085669e+01
   1.8510000e+01   7.1047210e+01
   1.8540000e+01   7.1809674e+01
   1.8570000e+01   7.0850116e+01
   1.8600000e+01   7.1452542e+01
   1.8630000e+01   7.2686330e+01
   1.8660000e+01   7.2503012e+01
   1.8690000e+01   7.2468222e+01
   1.8720000e+01   7.3448939e+01
   1.8750000e+01   7.3223045e+01
   1.8780000e+01   7.2721231e+01
   1.8810000e+01   7.3938829e+01
   1.8840000e+01   7.3243291e+01
   1.8870000e+01   7.4184338e+01
   1.8900000e+01   7.4498984e+01
   1.8930000e+01   7.3524434e+01
   1.8960000e+01   7.4649298e+01
   1.8990000e+01   7.5498519e+01
   1.9020000e+01   7.3854000e+01
   1.9050000e+01   7.4686012e+01
   1.9080000e+01   7.4825909e+01
   1.9110000e+01   7.5658160e+01
   1.9140000e+01   7.7716946e+01
   1.9170000e+01   7.7975128e+01
   1.9200000e+01   7.9200622e+01
   1.9230000e+01   8.0147162e+01
   1.9260000e+01   7.9289922e+01
   1.9290000e+01   7.9167589e+01
   1.9320000e+01   7.7788218e+01
   1.9350000e+01   7.4894735e+01
   1.9380000e+01   7.5197141e+01
   1.9410000e+01   7.3995571e+01
   1.9440000e+01   7.5081798e+01
   1.9470000e+01   7.4955505e+01
   1.9500000e+01   7.2359576e+01
   1.9530000e+01   7.4136682e+01
   1.9560000e+01   7.4268761e+01
   1.9590000e+01   7.1879634e+01
   1.9620000e+01   7.3931615e+01
   1.9650000e+01   7.3287166e+01
   1.9680000e+01   7.3663045e+01
   1.9710000e+01   7.2617585e+01
   1.9740000e+01   7.4884726e+01
   1.9770000e+01   7.3228459e+01
   1.9800000e+01   7.4667047e+01
   1.9830000e+01   7.3443035e+01
   1.9860000e+01   7.4218745e+01
   1.9890000e+01   7.5535808e+01
   1.9920000e+01   7.4380247e+01
   1.9950000e+01   7.3736398e+01
   1.9980000e+01   7.3675252e+01
   2.0010000e+01   7.3750715e+01
   2.0040000e+01   7.4318751e+01
   2.0070000e+01   7.5008246e+01
   2.0100000e+01   7.4356553e+01
   2.0130000e+01   7.5017616e+01
   2.0160000e+01   7.4070083e+01
   2.0190000e+01   7.4093138e+01
   2.0220000e+01   7.4435792e+01
   2.0250000e+01   7.3281237e+01
   2.0280000e+01   7.5013633e+01
   2.0310000e+01   7.3593471e+01
   2.0340000e+01   7.7013515e+01
   2.0370000e+01   7.6848743e+01
   2.0400000e+01   7.4990300e+01
   2.0430000e+01   7.5735126e+01
   2.0460000e+01   7.3918202e+01
   2.0490000e+01   7.4259992e+01
   2.0520000e+01   7.5679029e+01
   2.0550000e+01   7.3750456e+01
   2.0580000e+01   7.4144324e+01
   2.0610000e+01   7.4467044e+01
   2.0640000e+01   7.4436715e+01
   2.0670000e+01   7.4103428e+01
   2.0700000e+01   7.3528592e+01
   2.0730000e+01   7.7033434e+01
   2.0760000e+01   7.6206371e+01
   2.0790000e+01   7.4806664e+01
   2.0820000e+01   7.4418571e+01
   2.0850000e+01   7.6159914e+01
   2.0880000e+01   7.5156785e+01
   2.0910000e+01   7.1467709e+01
   2.0940000e+01   7.3551967e+01
   2.0970000e+01   7.3663146e+01
   2.1000000e+01   7.7882374e+01
   2.1030000e+01   7.9362329e+01
   2.1060000e+01   7.8235186e+01
   2.1090000e+01   7.8451248e+01
   2.1120000e+01   7.8928835e+01
   2.1150000e+01   7.9644538e+01
   2.1180000e+01   7.8174674e+01
   2.1210000e+01   7.7862824e+01
   2.1240000e+01   8.1504876e+01
   2.1270000e+01   8.2498021e+01
   2.1300000e+01   8.1225469e+01
   2.1330000e+01   8.0892196e+01
   2.1360000e+01   7.7559259e+01
   2.1390000e+01   7.7460121e+01
   2.1420000e+01   8.0289317e+01
   2.1450000e+01   7.7631318e+01
   2.1480000e+01   7.5156076e+01
   2.1510000e+01   7.3464276e+01
   2.1540000e+01   7.1851717e+01
   2.1570000e+01   7.0677912e+01
   2.1600000e+01   7.0701475e+01
   2.1630000e+01   6.9524980e+01
   2.1660000e+01   7.0622349e+01
   2.1690000e+01   6.9989073e+01
   2.1720000e+01   7.1408501e+01
   2.1750000e+01   7.2017854e+01
   2.1780000e+01   7.2928012e+01
   2.1810000e+01   7.3009505e+01
   2.1840000e+01   7.3218212e+01
   2.1870000e+01   7.4396345e+01
   2.1900000e+01   7.4188705e+01
   2.1930000e+01   7.4233213e+01
   2.1960000e+01   7.4274337e+01
   2.1990000e+01   7.4529321e+01
   2.2020000e+01   7.4106394e+01
   2.2050000e+01   7.3916015e+01
   2.2080000e+01   7.4844043e+01
   2.2110000e+01   7.4453080e+01
   2.2140000e+01   7.4753862e+01
   2.2170000e+01   7.4988203e+01
   2.2200000e+01   7.4027043e+01
   2.2230000e+01   7.4306960e+01
   2.2260000e+01   7.5037794e+01
   2.2290000e+01   7.4167499e+01
   2.2320000e+01   7.5221320e+01
   2.2350000e+01   7.8543246e+01
   2.2380000e+01   8.0071081e+01
   2.2410000e+01   7.8635963e+01
   2.2440000e+01   7.7835161e+01
   2.2470000e+01   7.7819516e+01
   2.2500000e+01   7.8289464e+01
   2.2530000e+01   7.9402839e+01
   2.2560000e+01   7.8414797e+01
   2.2590000e+01   7.8792007e+01
   2.2620000e+01   7.7984510e+01
   2.2650000e+01   7.8046993e+01
   2.2680000e+01   7.9288318e+01
   2.2710000e+01   7.9516676e+01
   2.2740000e+01   7.8713139e+01
   2.2770000e+01   7.8639526e+01
   2.2800000e+01   7.6279749e+01
   2.2830000e+01   7.6360318e+01
   2.2860000e+01   7.4939872e+01
   2.2890000e+01   7.5628276e+01
   2.2920000e+01   7.5161554e+01
   2.2950000e+01   7.4162864e+01
   2.2980000e+01   7.3159672e+01
   2.3010000e+01   7.4076392e+01
   2.3040000e+01   7.4651860e+01
   2.3070000e+01   7.3741655e+01
   2.3100000e+01   7.4667503e+01
   2.3130000e+01   7.4521752e+01
   2.3160000e+01   7.4963811e+01
   2.3190000e+01   7.4965829e+01
   2.3220000e+01   7.3760659e+01
   2.3250000e+01   7.3437342e+01
   2.3280000e+01   7.3365388e+01
   2.3310000e+01   7.4851435e+01
   2.3340000e+01   7.3854556e+01
   2.3370000e+01   7.4939489e+01
   2.3400000e+01   7.3805134e+01
   2.3430000e+01   7.2886474e+01
   2.3460000e+01   7.2581562e+01
   2.3490000e+01   7.3416277e+01
   2.3520000e+01   7.5000407e+01
   2.3550000e+01   7.8928445e+01
   2.3580000e+01   7.9149475e+01
   2.3610000e+01   7.5700277e+01
   2.3640000e+01   7.8054768e+01
   2.3670000e+01   7.8228836e+01
   2.3700000e+01   7.5848763e+01
   2.3730000e+01   7.4246861e+01
   2.3760000e+01   7.4846684e+01
   2.3790000e+01   7.5550271e+01
   2.3820000e+01   7.5447704e+01
   2.3850000e+01   7.4885998e+01
   2.3880000e+01   7.3808383e+01
   2.3910000e+01   7.4559230e+01
   2.3940000e+01   7.3746305e+01
   2.3970000e+01   7.2673123e+01
   2.4000000e+01   7.3690689e+01
   2.4030000e+01   7.4218358e+01
   2.4060000e+01   7.3874323e+01
   2.4090000e+01   7.3467778e+01
   2.4120000e+01   7.3369112e+01
   2.4150000e+01   7.5513579e+01
   2.4180000e+01   7.3679174e+01
   2.4210000e+01   7.4996086e+01
   2.4240000e+01   7.3882203e+01
   2.4270000e+01   7.4696590e+01
   2.4300000e+01   7.5886946e+01
   2.4330000e+01   7.4227604e+01
   2.4360000e+01   7.4761359e+01
   2.4390000e+01   7.4839456e+01
   2.4420000e+01   7.5542408e+01
   2.4450000e+01   7.5538816e+01
   2.4480000e+01   7.5386151e+01
   2.4510000e+01   7.4927137e+01
   2.4540000e+01   7.4696415e+01
   2.4570000e+01   7.4598748e+01
   2.4600000e+01   7.4474228e+01
   2.4630000e+01   7.3734367e+01
   2.4660000e+01   7.5275428e+01
   2.4690000e+01   7.4954544e+01
   2.4720000e+01   7.3979967e+01
   2.4750000e+01   7.5257249e+01
   2.4780000e+01   7.2945055e+01
   2.4810000e+01   7.2841356e+01
   2.4840000e+01   7.4780129e+01
   2.4870000e+01   7.4784934e+01
   2.4900000e+01   7.4781260e+01
   2.4930000e+01   7.4698306e+01
   2.4960000e+01   7.4048079e+01
   2.4990000e+01   7.2476721e+01
   2.5020000e+01   7.4110538e+01
   2.5050000e+01   7.5306263e+01
   2.5080000e+01   7.4565599e+01
   2.5110000e+01   7.4831612e+01
   2.5140000e+01   7.4320867e+01
   2.5170000e+01   7.4596852e+01
   2.5200000e+01   7.5473135e+01
   2.5230000e+01   7.5978220e+01
   2.5260000e+01   7.4168757e+01
   2.5290000e+01   7.4530024e+01
   2.5320000e+01   7.5150988e+01
   2.5350000e+01   7.4510759e+01
   2.5380000e+01   7.3995081e+01
   2.5410000e+01   7.5488622e+01
   2.5440000e+01   7.5734097e+01
   2.5470000e+01   7.3165964e+01
   2.5500000e+01   7.3612547e+01
   2.5530000e+01   7.4110301e+01
   2.5560000e+01   7.5012967e+01
   2.5590000e+01   7.5671207e+01
   2.5620000e+01   7.4849350e+01
   2.5650000e+01   7.5594564e+01
   2.5680000e+01   7.4959338e+01
   2.5710000e+01   7.3831605e+01
   2.5740000e+01   7.3130453e+01
   2.5770000e+01   7.4351817e+01
   2.5800000e+01   7.4914801e+01
   2.5830000e+01   7.5146403e+01
   2.5860000e+01   7.4436328e+01
   2.5890000e+01   7.5198779e+01
   2.5920000e+01   7.4783395e+01
   2.5950000e+01   7.4130447e+01
   2.5980000e+01   7.5392183e+01
   2.6010000e+01   7.4946953e+01
   2.6040000e+01   7.4297092e+01
   2.6070000e+01   7.4995354e+01
   2.6100000e+01   7.3713051e+01
   2.6130000e+01   7.3105395e+01
   2.6160000e+01   7.4578033e+01
   2.6190000e+01   7.4480542e+01
   2.6220000e+01   7.5207810e+01
   2.6250000e+01   7.5001574e+01
   2.6280000e+01   7.4743493e+01
   2.6310000e+01   7.4811591e+01
   2.6340000e+01   7.4988516e+01
   2.6370000e+01   7.5463920e+01
   2.6400000e+01   7.3927412e+01
   2.6430000e+01   7.5424680e+01
   2.6460000e+01   7.4283895e+01
   2.6490000e+01   7.3964579e+01
   2.6520000e+01   7.3891477e+01
   2.6550000e+01   7.4969569e+01
   2.6580000e+01   7.4301809e+01
   2.6610000e+01   7.3709901e+01
   2.6640000e+01   7.4228672e+01
   2.6670000e+01   7.3790960e+01
   2.6700000e+01   7.4762888e+01
   2.6730000e+01   7.4693034e+01
   2.6760000e+01   7.4644023e+01
   2.6790000e+01   7.4820527e+01
   2.6820000e+01   7.3847766e+01
   2.6850000e+01   7.5017465e+01
   2.6880000e+01   7.4807581e+01
   2.6910000e+01   7.6486305e+01
   2.6940000e+01   7.4035689e+01
   2.6970000e+01   7.4688232e+01
   2.7000000e+01   7.3901213e+01
   2.7030000e+01   7.3930186e+01
   2.7060000e+01   7.4899871e+01
   2.7090000e+01   7.5528859e+01
   2.7120000e+01   7.4110194e+01
   2.7150000e+01   7.5664485e+01
   2.7180000e+01   7.4593247e+01
   2.7210000e+01   7.5613016e+01
   2.7240000e+01   7.4973451e+01
   2.7270000e+01   7.3587678e+01
   2.7300000e+01   7.4738289e+01
   2.7330000e+01   7.4655796e+01
   2.7360000e+01   7.4936930e+01
   2.7390000e+01   7.4414847e+01
   2.7420000e+01   7.5847936e+01
   2.7450000e+01   7.4764404e+01
   2.7480000e+01   7.4959133e+01
   2.7510000e+01   7.4470898e+01
   2.7540000e+01   7.5107164e+01
   2.7570000e+01   7.5018630e+01
   2.7600000e+01   7.6245839e+01
   2.7630000e+01   7.5034824e+01
   2.7660000e+01   7.4761846e+01
   2.7690000e+01   7.3286790e+01
   2.7720000e+01   7.4625005e+01
   2.7750000e+01   7.4542596e+01
   2.7780000e+01   7.4470509e+01
   2.7810000e+01   7.4850909e+01
   2.7840000e+01   7.5460011e+01
   2.7870000e+01   7.4534348e+01
   2.7900000e+01   7.3983479e+01
   2.7930000e+01   7.4411954e+01
   2.7960000e+01   7.6173939e+01
   2.7990000e+01   7.4288930e+01
   2.8020000e+01   7.3865295e+01
   2.8050000e+01   7.5124858e+01
   2.8080000e+01   7.4241425e+01
   2.8110000e+01   7.5789162e+01
   2.8140000e+01   7.4904681e+01
   2.8170000e+01   7.3923169e+01
   2.8200000e+01   7.3725518e+01
   2.8230000e+01   7.3380359e+01
   2.8260000e+01   7.3472887e+01
   2.8290000e+01   7.3918376e+01
   2.8320000e+01   7.5035798e+01
   2.8350000e+01   7.4530834e+01
   2.8380000e+01   7.4176939e+01
   2.8410000e+01   7.3141371e+01
   2.8440000e+01   7.2620362e+01
   2.8470000e+01   7.4283835e+01
   2.8500000e+01   7.5130218e+01
   2.8530000e+01   7.3899014e+01
   2.8560000e+01   7.4436230e+01
   2.8590000e+01   7.4504156e+01
   2.8620000e+01   7.3813469e+01
   2.8650000e+01   7.4219721e+01
   2.8680000e+01   7.4240088e+01
   2.8710000e+01   7.3066588e+01
   2.8740000e+01   7.4014402e+01
   2.8770000e+01   7.4624025e+01
   2.8800000e+01   7.5968106e+01
   2.8830000e+01   8.0992475e+01
   2.8860000e+01   7.8315613e+01
   2.8890000e+01   7.7758627e+01
   2.8920000e+01   7.6354530e+01
   2.8950000e+01   7.6018064e+01
   2.8980000e+01   7.5692320e+01
   2.9010000e+01   7.5164347e+01
   2.9040000e+01   7.4831243e+01
   2.9070000e+01   7.3722740e+01
   2.9100000e+01   7.4722530e+01
   2.9130000e+01   7.4834157e+01
   2.9160000e+01   7.3817250e+01
   2.9190000e+01   7.4850207e+01
   2.9220000e+01   7.3475765e+01
   2.9250000e+01   7.5617194e+01
   2.9280000e+01   7.4130624e+01
   2.9310000e+01   7.4996095e+01
   2.9340000e+01   7.4717989e+01
   2.9370000e+01   7.5647232e+01
   2.9400000e+01   7.6270818e+01
   2.9430000e+01   7.5601813e+01
   2.9460000e+01   7.4537496e+01
   2.9490000e+01   7.4594615e+01
   2.9520000e+01   7.5405699e+01
   2.9550000e+01   7.4507187e+01
   2.9580000e+01   7.4458466e+01
   2.9610000e+01   7.4580467e+01
   2.9640000e+01   7.4695472e+01
   2.9670000e+01   7.4591506e+01
   2.9700000e+01   7.4336828e+01
   2.9730000e+01   7.7007524e+01
   2.9760000e+01   7.5572407e+01
   2.9790000e+01   7.4607934e+01
   2.9820000e+01   7.3255911e+01
   2.9850000e+01   7.5474931e+01
   2.9880000e+01   7.4614700e+01
   2.9910000e+01   7.4181761e+01
   2.9940000e+01   7.5143641e+01
   2.9970000e+01   7.4707137e+01
   3.0000000e+01   7.6128951e+01
   3.0030000e+01   7.4387630e+01
   3.0060000e+01   7.3662681e+01
   3.0090000e+01   7.4031009e+01
   3.0120000e+01   7.4565614e+01
   3.0150000e+01   7.4420819e+01
   3.0180000e+01   7.5478514e+01
   3.0210000e+01   7.6421591e+01
   3.0240000e+01   7.5269102e+01
   3.0270000e+01   7.5627817e+01
   3.0300000e+01   7.5415126e+01
   3.0330000e+01   7.5009226e+01
   3.0360000e+01   7.6025624e+01
   3.0390000e+01   7.5474492e+01
   3.0420000e+01   7.6215666e+01
   3.0450000e+01   7.6195009e+01
   3.0480000e+01   7.4863631e+01
   3.0510000e+01   7.4580292e+01
   3.0540000e+01   7.3477705e+01
   3.0570000e+01   7.3400085e+01
   3.0600000e+01   7.2854796e+01
   3.0630000e+01   7.3279812e+01
   3.0660000e+01   7.4776972e+01
   3.0690000e+01   7.5603275e+01
   3.0720000e+01   7.5627887e+01
   3.0750000e+01   7.4325811e+01
   3.0780000e+01   7.5807239e+01
   3.0810000e+01   7.5433905e+01
   3.0840000e+01   7.5319231e+01
   3.0870000e+01   7.4858185e+01
   3.0900000e+01   7.3692010e+01
   3.0930000e+01   7.4539634e+01
   3.0960000e+01   7.5910229e+01
   3.0990000e+01   7.6036052e+01
   3.1020000e+01   7.4757539e+01
   3.1050000e+01   7.3684102e+01
   3.1080000e+01   7.5501599e+01
   3.1110000e+01   7.5488723e+01
   3.1140000e+01   7.3660119e+01
   3.1170000e+01   7.4543018e+01
   3.1200000e+01   7.4896962e+01
   3.1230000e+01   7.4109742e+01
   3.1260000e+01   7.4952075e+01
   3.1290000e+01   7.5603358e+01
   3.1320000e+01   7.5129348e+01
   3.1350000e+01   7.4698562e+01
   3.1380000e+01   7.4558601e+01
   3.1410000e+01   7.4682232e+01
   3.1440000e+01   7.5587939e+01
   3.1470000e+01   7.4469222e+01
   3.1500000e+01   7.3311026e+01
   3.1530000e+01   7.5371198e+01
   3.1560000e+01   7.3274744e+01
   3.1590000e+01   7.4524932e+01
   3.1620000e+01   7.4562813e+01
   3.1650000e+01   7.4509352e+01
   3.1680000e+01   7.3595654e+01
   3.1710000e+01   7.5134085e+01
   3.1740000e+01   7.4898438e+01
   3.1770000e+01   7.3911530e+01
   3.1800000e+01   7.4125867e+01
   3.1830000e+01   7.3050964e+01
   3.1860000e+01   7.3987804e+01
   3.1890000e+01   7.4429859e+01
   3.1920000e+01   7.5742908e+01
   3.1950000e+01   7.5187049e+01
   3.1980000e+01   7.4313297e+01
   3.2010000e+01   7.4038091e+01
   3.2040000e+01   7.4621148e+01
   3.2070000e+01   7.5413154e+01
   3.2100000e+01   7.4743300e+01
   3.2130000e+01   7.4402760e+01
   3.2160000e+01   7.5078492e+01
   3.2190000e+01   7.3444479e+01
   3.2220000e+01   7.6107203e+01
   3.2250000e+01   7.4154842e+01
   3.2280000e+01   7.4708411e+01
   3.2310000e+01   7.4526017e+01
   3.2340000e+01   7.4881384e+01
   3.2370000e+01   7.4541338e+01
   3.2400000e+01   7.4749562e+01
   3.2430000e+01   7.5310973e+01
   3.2460000e+01   7.5612503e+01
   3.2490000e+01   7.4750794e+01
   3.2520000e+01   7.4358472e+01
   3.2550000e+01   7.6741294e+01
   3.2580000e+01   7.6063331e+01
   3.2610000e+01   7.3794631e+01
   3.2640000e+01   7.2684587e+01
   3.2670000e+01   7.5718513e+01
   3.2700000e+01   7.3778096e+01
   3.2730000e+01   7.5561564e+01
   3.2760000e+01   7.4063670e+01
   3.2790000e+01   7.5279794e+01
   3.2820000e+01   7.3865231e+01
   3.2850000e+01   7.5100811e+01
   3.2880000e+01   7.4897154e+01
   3.2910000e+01   7.4031757e+01
   3.2940000e+01   7.4261959e+01
   3.2970000e+01   7.5825686e+01
   3.3000000e+01   7.5409324e+01
   3.3030000e+01   7.6470627e+01
   3.3060000e+01   7.3438593e+01
   3.3090000e+01   7.3483174e+01
   3.3120000e+01   7.3816986e+01
   3.3150000e+01   7.4646042e+01
   3.3180000e+01   7.4503102e+01
   3.3210000e+01   7.4715008e+01
   3.3240000e+01   7.5929350e+01
   3.3270000e+01   7.2380312e+01
   3.3300000e+01   7.4447502e+01
   3.3330000e+01   7.5809262e+01
   3.3360000e+01   7.5076580e+01
   3.3390000e+01   7.5663420e+01
   3.3420000e+01   7.5653806e+01
   3.3450000e+01   7.4575641e+01
   3.3480000e+01   7.5849275e+01
   3.3510000e+01   7.4086945e+01
   3.3540000e+01   7.5246330e+01
   3.3570000e+01   7.4956766e+01
   3.3600000e+01   7.6172069e+01
   3.3630000e+01   7.5047047e+01
   3.3660000e+01   7.5378667e+01
   3.3690000e+01   7.5295283e+01
   3.3720000e+01   7.6069615e+01
   3.3750000e+01   7.4508231e+01
   3.3780000e+01   7.5354633e+01
   3.3810000e+01   7.7462641e+01
   3.3840000e+01   7.9431364e+01
   3.3870000e+01   7.5062076e+01
   3.3900000e+01   7.4784648e+01
   3.3930000e+01   7.5883245e+01
   3.3960000e+01   7.5592051e+01
   3.3990000e+01   7.4836806e+01
   3.4020000e+01   7.5765710e+01
   3.4050000e+01   7.7174527e+01
   3.4080000e+01   7.5637094e+01
   3.4110000e+01   7.7089063e+01
   3.4140000e+01   7.7414985e+01
   3.4170000e+01   7.8323065e+01
   3.4200000e+01   7.2093608e+01
   3.4230000e+01   7.2188457e+01
   3.4260000e+01   7.1628173e+01
   3.4290000e+01   7.3776350e+01
   3.4320000e+01   7.3489405e+01
   3.4350000e+01   7.3336578e+01
   3.4380000e+01   7.4248886e+01
   3.4410000e+01   7.4788848e+01
   3.4440000e+01   7.6311345e+01
   3.4470000e+01   7.6121330e+01
   3.4500000e+01   7.5043509e+01
   3.4530000e+01   7.5769304e+01
   3.4560000e+01   7.8186564e+01
   3.4590000e+01   7.8457982e+01
   3.4620000e+01   8.0236123e+01
   3.4650000e+01   7.8233242e+01
   3.4680000e+01   7.6993526e+01
   3.4710000e+01   7.8419012e+01
   3.4740000e+01   7.7826556e+01
   3.4770000e+01   7.9130682e+01
   3.4800000e+01   7.9806128e+01
   3.4830000e+01   7.8187527e+01
   3.4860000e+01   7.7435839e+01
   3.4890000e+01   7.5965094e+01
   3.4920000e+01   7.5772316e+01
   3.4950000e+01   7.7012826e+01
   3.4980000e+01   7.6679550e+01
   3.5010000e+01   7.6778007e+01
   3.5040000e+01   8.0397150e+01
   3.5070000e+01   8.0665937e+01
   3.5100000e+01   8.0174800e+01
   3.5130000e+01   7.9555495e+01
   3.5160000e+01   7.9253778e+01
   3.5190000e+01   7.9648840e+01
   3.5220000e+01   7.9927821e+01
   3.5250000e+01   7.8918824e+01
   3.5280000e+01   7.9372782e+01
   3.5310000e+01   7.8506168e+01
   3.5340000e+01   7.8719601e+01
   3.5370000e+01   7.8740427e+01
   3.5400000e+01   7.9138355e+01
   3.5430000e+01   7.8365741e+01
   3.5460000e+01   7.8536726e+01
   3.5490000e+01   7.8938620e+01
   3.5520000e+01   7.8877870e+01
   3.5550000e+01   7.8079088e+01
   3.5580000e+01   7.8411427e+01
   3.5610000e+01   7.6651465e+01
   3.5640000e+01   7.6367976e+01
   3.5670000e+01   7.5550874e+01
   3.5700000e+01   7.5563718e+01
   3.5730000e+01   7.6808031e+01
   3.5760000e+01   7.6371121e+01
   3.5790000e+01   7.8001939e+01
   3.5820000e+01   7.7000185e+01
   3.5850000e+01   7.5970764e+01
   3.5880000e+01   7.7062613e+01
   3.5910000e+01   7.5822672e+01
   3.5940000e+01   7.6589828e+01
   3.5970000e+01   7.7158638e+01
   3.6000000e+01   7.7019803e+01
   3.6030000e+01   7.8254299e+01
   3.6060000e+01   7.9037233e+01
   3.6090000e+01   7.9225553e+01
   3.6120000e+01   7.7616028e+01
   3.6150000e+01   7.7527535e+01
   3.6180000e+01   7.8034606e+01
   3.6210000e+01   7.8159956e+01
   3.6240000e+01   8.0046814e+01
   3.6270000e+01   8.0286974e+01
   3.6300000e+01   7.9039344e+01
   3.6330000e+01   7.6961125e+01
   3.6360000e+01   7.5331945e+01
   3.6390000e+01   7.5686608e+01
   3.6420000e+01   7.5247158e+01
   3.6450000e+01   7.4785281e+01
   3.6480000e+01   7.6018660e+01
   3.6510000e+01   7.7059139e+01
   3.6540000e+01   7.7872695e+01
   3.6570000e+01   7.7516461e+01
   3.6600000e+01   7.6635215e+01
   3.6630000e+01   7.6802566e+01
   3.6660000e+01   7.6836771e+01
   3.6690000e+01   7.6599750e+01
   3.6720000e+01   7.7083724e+01
   3.6750000e+01   7.7151140e+01
   3.6780000e+01   7.5716734e+01
   3.6810000e+01   7.6648237e+01
   3.6840000e+01   7.5738180e+01
   3.6870000e+01   7.5631167e+01
   3.6900000e+01   7.6110984e+01
   3.6930000e+01   7.6136791e+01
   3.6960000e+01   7.5702037e+01
   3.6990000e+01   7.7575066e+01
   3.7020000e+01   7.6477433e+01
   3.7050000e+01   7.6598578e+01
   3.7080000e+01   7.7102566e+01
   3.7110000e+01   7.7323948e+01
   3.7140000e+01   7.7976611e+01
   3.7170000e+01   7.8368312e+01
   3.7200000e+01   7.8639037e+01
   3.7230000e+01   7.7423137e+01
   3.7260000e+01   7.6868373e+01
   3.7290000e+01   7.5730727e+01
   3.7320000e+01   7.5801049e+01
   3.7350000e+01   7.6806058e+01
   3.7380000e+01   7.8690383e+01
   3.7410000e+01   7.8626235e+01
   3.7440000e+01   7.6907533e+01
   3.7470000e+01   7.7075933e+01
   3.7500000e+01   7.6488307e+01
   3.7530000e+01   7.7589002e+01
   3.7560000e+01   7.7927226e+01
   3.7590000e+01   7.8899662e+01
   3.7620000e+01   7.4896429e+01
   3.7650000e+01   7.3999668e+01
   3.7680000e+01   7.3941515e+01
   3.7710000e+01   7.5821486e+01
   3.7740000e+01   7.5596038e+01
   3.7770000e+01   7.7615675e+01
   3.7800000e+01   7.8790096e+01
   3.7830000e+01   7.8513659e+01
   3.7860000e+01   7.8295656e+01
   3.7890000e+01   7.4092967e+01
   3.7920000e+01   7.2332613e+01
   3.7950000e+01   7.0810870e+01
   3.7980000e+01   7.0090422e+01
   3.8010000e+01   6.9092294e+01
   3.8040000e+01   6.9006330e+01
   3.8070000e+01   6.9040357e+01
   3.8100000e+01   7.1345751e+01
   3.8130000e+01   6.9433924e+01
   3.8160000e+01   7.1652459e+01
   3.8190000e+01   7.1792582e+01
   3.8220000e+01   7.1101353e+01
   3.8250000e+01   7.4617209e+01
   3.8280000e+01   7.2493659e+01
   3.8310000e+01   7.3886146e+01
   3.8340000e+01   7.4126229e+01
   3.8370000e+01   7.4850397e+01
   3.8400000e+01   7.5471407e+01
   3.8430000e+01   7.6033819e+01
   3.8460000e+01   7.8006787e+01
   3.8490000e+01   7.7249149e+01
   3.8520000e+01   7.8043822e+01
   3.8550000e+01   8.0789919e+01
   3.8580000e+01   7.8470993e+01
   3.8610000e+01   7.7128403e+01
   3.8640000e+01   7.7448251e+01
   3.8670000e+01   7.5381211e+01
   3.8700000e+01   7.4619426e+01
   3.8730000e+01   7.4678303e+01
   3.8760000e+01   7.5568162e+01
   3.8790000e+01   7.6178297e+01
   3.8820000e+01   7.7450269e+01
   3.8850000e+01   7.5640342e+01
   3.8880000e+01   7.5248243e+01
   3.8910000e+01   7.5771375e+01
   3.8940000e+01   7.4926732e+01
   3.8970000e+01   7.5572654e+01
   3.9000000e+01   7.7480866e+01
   3.9030000e+01   7.5184442e+01
   3.9060000e+01   7.6589683e+01
   3.9090000e+01   7.5149453e+01
   3.9120000e+01   7.9483662e+01
   3.9150000e+01   7.7312023e+01
   3.9180000e+01   7.9356001e+01
   3.9210000e+01   7.8255432e+01
   3.9240000e+01   7.7262232e+01
   3.9270000e+01   7.8570178e+01
   3.9300000e+01   7.5912450e+01
   3.9330000e+01   7.5091862e+01
   3.9360000e+01   7.5138803e+01
   3.9390000e+01   8.0030877e+01
   3.9420000e+01   7.9673358e+01
   3.9450000e+01   7.8023382e+01
   3.9480000e+01   7.6463125e+01
   3.9510000e+01   7.6629575e+01
   3.9540000e+01   7.7934300e+01
   3.9570000e+01   7.8902807e+01
   3.9600000e+01   7.7684958e+01
   3.9630000e+01   7.8780195e+01
   3.9660000e+01   7.7196557e+01
   3.9690000e+01   7.7167182e+01
   3.9720000e+01   7.8939462e+01
   3.9750000e+01   7.6548580e+01
   3.9780000e+01   7.5839299e+01
   3.9810000e+01   7.5133684e+01
   3.9840000e+01   7.4795833e+01
   3.9870000e+01   7.5182665e+01
   3.9900000e+01   7.7620428e+01
   3.9930000e+01   7.6217621e+01
   3.9960000e+01   7.5504561e+01
