   3.0000000e-02  -2.8527411e+00
   6.0000000e-02   3.7106209e+01
   9.0000000e-02   2.1011729e+01
   1.2000000e-01   2.2292757e+01
   1.5000000e-01   1.9783248e+01
   1.8000000e-01   2.6593278e+01
   2.1000000e-01   2.8411041e+01
   2.4000000e-01   3.4507747e+01
   2.7000000e-01   2.7579622e+01
   3.0000000e-01   2.4174143e+01
   3.3000000e-01   2.2982507e+01
   3.6000000e-01   2.4273225e+01
   3.9000000e-01   5.4316219e+01
   4.2000000e-01   6.1325125e+01
   4.5000000e-01   5.5806162e+01
   4.8000000e-01   5.4785289e+01
   5.1000000e-01   5.1120624e+01
   5.4000000e-01   4.3565346e+01
   5.7000000e-01   3.6268301e+01
   6.0000000e-01   3.0187692e+01
   6.3000000e-01   2.7648263e+01
   6.6000000e-01   2.7546605e+01
   6.9000000e-01   2.6345598e+01
   7.2000000e-01   3.2776950e+01
   7.5000000e-01   3.1209205e+01
   7.8000000e-01   2.6072133e+01
   8.1000000e-01   2.6824090e+01
   8.4000000e-01   2.7572987e+01
   8.7000000e-01   3.3026595e+01
   9.0000000e-01   3.2132301e+01
   9.3000000e-01   3.0271091e+01
   9.6000000e-01   2.9095295e+01
   9.9000000e-01   2.8567524e+01
   1.0200000e+00   3.7573140e+01
   1.0500000e+00   4.4752790e+01
   1.0800000e+00   3.8695176e+01
   1.1100000e+00   3.3095403e+01
   1.1400000e+00   3.9682110e+01
   1.1700000e+00   4.3738782e+01
   1.2000000e+00   3.8118718e+01
   1.2300000e+00   3.9680309e+01
   1.2600000e+00   3.6335658e+01
   1.2900000e+00   4.8863755e+01
   1.3200000e+00   4.5288735e+01
   1.3500000e+00   4.1041223e+01
   1.3800000e+00   3.8347794e+01
   1.4100000e+00   3.5539817e+01
   1.4400000e+00   3.0628120e+01
   1.4700000e+00   2.6727251e+01
   1.5000000e+00   2.5292293e+01
   1.5300000e+00   3.2385464e+01
   1.5600000e+00   3.3211371e+01
   1.5900000e+00   3.1301501e+01
   1.6200000e+00   3.1573507e+01
   1.6500000e+00   3.2985449e+01
   1.6800000e+00   3.1998059e+01
   1.7100000e+00   3.2206055e+01
   1.7400000e+00   3.6228814e+01
   1.7700000e+00   4.8363213e+01
   1.8000000e+00   5.5483782e+01
   1.8300000e+00   5.3969477e+01
   1.8600000e+00   5.5262480e+01
   1.8900000e+00   5.4514563e+01
   1.9200000e+00   5.5439688e+01
   1.9500000e+00   5.5978649e+01
   1.9800000e+00   5.1633175e+01
   2.0100000e+00   5.6674514e+01
   2.0400000e+00   5.1455248e+01
   2.0700000e+00   4.7980683e+01
   2.1000000e+00   4.7043398e+01
   2.1300000e+00   4.2620783e+01
   2.1600000e+00   3.6661531e+01
   2.1900000e+00   3.4441038e+01
   2.2200000e+00   3.2545570e+01
   2.2500000e+00   3.2592386e+01
   2.2800000e+00   5.0379028e+01
   2.3100000e+00   4.8157052e+01
   2.3400000e+00   4.9112096e+01
   2.3700000e+00   4.3553072e+01
   2.4000000e+00   4.5381117e+01
   2.4300000e+00   3.9488985e+01
   2.4600000e+00   5.2052823e+01
   2.4900000e+00   5.0916440e+01
   2.5200000e+00   4.4214151e+01
   2.5500000e+00   4.6606220e+01
   2.5800000e+00   4.0467769e+01
   2.6100000e+00   5.2947509e+01
   2.6400000e+00   4.7717558e+01
   2.6700000e+00   4.3787740e+01
   2.7000000e+00   3.9355318e+01
   2.7300000e+00   4.4992241e+01
   2.7600000e+00   3.8389093e+01
   2.7900000e+00   3.7888387e+01
   2.8200000e+00   5.3714879e+01
   2.8500000e+00   4.5128495e+01
   2.8800000e+00   4.1464842e+01
   2.9100000e+00   3.7569986e+01
   2.9400000e+00   3.2672109e+01
   2.9700000e+00   3.2258166e+01
   3.0000000e+00   3.5154913e+01
   3.0300000e+00   3.4026986e+01
   3.0600000e+00   2.8986263e+01
   3.0900000e+00   2.6910392e+01
   3.1200000e+00   3.8963413e+01
   3.1500000e+00   4.4897069e+01
   3.1800000e+00   4.0612081e+01
   3.2100000e+00   5.4449119e+01
   3.2400000e+00   5.5710801e+01
   3.2700000e+00   4.5556092e+01
   3.3000000e+00   4.0742353e+01
   3.3300000e+00   4.3318200e+01
   3.3600000e+00   4.1773686e+01
   3.3900000e+00   3.3446233e+01
   3.4200000e+00   2.6731286e+01
   3.4500000e+00   2.8783713e+01
   3.4800000e+00   2.5505877e+01
   3.5100000e+00   2.9304282e+01
   3.5400000e+00   2.9714583e+01
   3.5700000e+00   3.1995310e+01
   3.6000000e+00   3.1420435e+01
   3.6300000e+00   2.7381638e+01
   3.6600000e+00   3.0700720e+01
   3.6900000e+00   3.2165274e+01
   3.7200000e+00   3.2095654e+01
   3.7500000e+00   3.3918031e+01
   3.7800000e+00   3.3712756e+01
   3.8100000e+00   3.0527621e+01
   3.8400000e+00   3.1008590e+01
   3.8700000e+00   3.4879684e+01
   3.9000000e+00   5.4122196e+01
   3.9300000e+00   5.5332215e+01
   3.9600000e+00   4.9322470e+01
   3.9900000e+00   4.5571041e+01
   4.0200000e+00   3.9754126e+01
   4.0500000e+00   3.4589808e+01
   4.0800000e+00   3.1346062e+01
   4.1100000e+00   4.0970281e+01
   4.1400000e+00   4.3093555e+01
   4.1700000e+00   3.8123734e+01
   4.2000000e+00   2.9319684e+01
   4.2300000e+00   4.8787651e+01
   4.2600000e+00   5.8034621e+01
   4.2900000e+00   5.4584306e+01
   4.3200000e+00   5.9178558e+01
   4.3500000e+00   5.2919828e+01
   4.3800000e+00   4.9013006e+01
   4.4100000e+00   4.9861050e+01
   4.4400000e+00   4.4530109e+01
   4.4700000e+00   3.9402713e+01
   4.5000000e+00   3.2784964e+01
   4.5300000e+00   2.6430545e+01
   4.5600000e+00   2.5778234e+01
   4.5900000e+00   3.0234154e+01
   4.6200000e+00   3.5457957e+01
   4.6500000e+00   3.1044414e+01
   4.6800000e+00   3.7607617e+01
   4.7100000e+00   3.5683933e+01
   4.7400000e+00   5.8029758e+01
   4.7700000e+00   5.1357353e+01
   4.8000000e+00   4.6914338e+01
   4.8300000e+00   4.4146095e+01
   4.8600000e+00   3.9228909e+01
   4.8900000e+00   3.9019224e+01
   4.9200000e+00   3.4849623e+01
   4.9500000e+00   2.9187499e+01
   4.9800000e+00   2.7441488e+01
   5.0100000e+00   2.7832356e+01
   5.0400000e+00   2.9742985e+01
   5.0700000e+00   2.6281944e+01
   5.1000000e+00   4.1494865e+01
   5.1300000e+00   3.6731734e+01
   5.1600000e+00   3.3516403e+01
   5.1900000e+00   4.8093933e+01
   5.2200000e+00   5.2330077e+01
   5.2500000e+00   5.0832244e+01
   5.2800000e+00   4.4514088e+01
   5.3100000e+00   4.1495326e+01
   5.3400000e+00   4.0362305e+01
   5.3700000e+00   3.3454183e+01
   5.4000000e+00   3.2636025e+01
   5.4300000e+00   2.8849344e+01
   5.4600000e+00   2.5480825e+01
   5.4900000e+00   2.7019684e+01
   5.5200000e+00   4.2434133e+01
   5.5500000e+00   4.0557599e+01
   5.5800000e+00   3.6237941e+01
   5.6100000e+00   3.1831385e+01
   5.6400000e+00   3.0076007e+01
   5.6700000e+00   3.2104878e+01
   5.7000000e+00   4.0374886e+01
   5.7300000e+00   4.2263202e+01
   5.7600000e+00   3.7303597e+01
   5.7900000e+00   3.2045465e+01
   5.8200000e+00   2.9172047e+01
   5.8500000e+00   3.3693182e+01
   5.8800000e+00   3.4613106e+01
   5.9100000e+00   2.7886360e+01
   5.9400000e+00   3.1977509e+01
   5.9700000e+00   2.7977322e+01
   6.0000000e+00   2.9769682e+01
   6.0300000e+00   3.5349411e+01
   6.0600000e+00   4.1248228e+01
   6.0900000e+00   3.7012535e+01
   6.1200000e+00   3.2886878e+01
   6.1500000e+00   3.7104760e+01
   6.1800000e+00   3.7858245e+01
   6.2100000e+00   5.1507556e+01
   6.2400000e+00   4.6411975e+01
   6.2700000e+00   4.9373699e+01
   6.3000000e+00   4.3346483e+01
   6.3300000e+00   4.1033241e+01
   6.3600000e+00   3.6903362e+01
   6.3900000e+00   4.3866484e+01
   6.4200000e+00   3.7408339e+01
   6.4500000e+00   3.4298094e+01
   6.4800000e+00   4.8948539e+01
   6.5100000e+00   4.4814267e+01
   6.5400000e+00   4.0411924e+01
   6.5700000e+00   5.5879581e+01
   6.6000000e+00   5.9171145e+01
   6.6300000e+00   5.2990356e+01
   6.6600000e+00   4.8378406e+01
   6.6900000e+00   4.6372503e+01
   6.7200000e+00   4.1749685e+01
   6.7500000e+00   3.7717202e+01
   6.7800000e+00   4.7733436e+01
   6.8100000e+00   4.2316579e+01
   6.8400000e+00   3.9425096e+01
   6.8700000e+00   3.5800866e+01
   6.9000000e+00   3.0744713e+01
   6.9300000e+00   3.0251984e+01
   6.9600000e+00   3.2088130e+01
   6.9900000e+00   3.0635965e+01
   7.0200000e+00   2.9844163e+01
   7.0500000e+00   4.0512086e+01
   7.0800000e+00   4.0164611e+01
   7.1100000e+00   3.8747252e+01
   7.1400000e+00   3.8618968e+01
   7.1700000e+00   2.9690867e+01
   7.2000000e+00   3.3990228e+01
   7.2300000e+00   3.2625219e+01
   7.2600000e+00   4.2628005e+01
   7.2900000e+00   4.2951608e+01
   7.3200000e+00   3.3459548e+01
   7.3500000e+00   3.0462191e+01
   7.3800000e+00   4.2525397e+01
   7.4100000e+00   4.8115937e+01
   7.4400000e+00   4.6442235e+01
   7.4700000e+00   4.1903273e+01
   7.5000000e+00   4.2511913e+01
   7.5300000e+00   4.6959463e+01
   7.5600000e+00   5.0057790e+01
   7.5900000e+00   4.5066212e+01
   7.6200000e+00   4.3528870e+01
   7.6500000e+00   4.2400554e+01
   7.6800000e+00   4.9057701e+01
   7.7100000e+00   5.0352267e+01
   7.7400000e+00   4.5993639e+01
   7.7700000e+00   4.7028540e+01
   7.8000000e+00   4.0054819e+01
   7.8300000e+00   4.6577106e+01
   7.8600000e+00   3.9280050e+01
   7.8900000e+00   3.5339832e+01
   7.9200000e+00   3.2778714e+01
   7.9500000e+00   2.9987073e+01
   7.9800000e+00   2.7328458e+01
   8.0100000e+00   2.4860700e+01
   8.0400000e+00   2.5595994e+01
   8.0700000e+00   2.9638469e+01
   8.1000000e+00   2.7868242e+01
   8.1300000e+00   2.8790986e+01
   8.1600000e+00   2.8578414e+01
   8.1900000e+00   2.9857021e+01
   8.2200000e+00   3.1361987e+01
   8.2500000e+00   3.6406547e+01
   8.2800000e+00   5.7457940e+01
   8.3100000e+00   5.0784767e+01
   8.3400000e+00   4.6165217e+01
   8.3700000e+00   4.7833970e+01
   8.4000000e+00   4.7282016e+01
   8.4300000e+00   5.0404809e+01
   8.4600000e+00   3.9631507e+01
   8.4900000e+00   3.6755280e+01
   8.5200000e+00   4.9065100e+01
   8.5500000e+00   5.1881853e+01
   8.5800000e+00   4.5150851e+01
   8.6100000e+00   3.9977539e+01
   8.6400000e+00   4.6527432e+01
   8.6700000e+00   4.3460290e+01
   8.7000000e+00   3.8773690e+01
   8.7300000e+00   3.0765420e+01
   8.7600000e+00   3.0572509e+01
   8.7900000e+00   2.6062645e+01
   8.8200000e+00   2.5830153e+01
   8.8500000e+00   2.8501645e+01
   8.8800000e+00   3.6675717e+01
   8.9100000e+00   5.0514965e+01
   8.9400000e+00   5.3230993e+01
   8.9700000e+00   4.9105937e+01
   9.0000000e+00   4.7900469e+01
   9.0300000e+00   4.7372127e+01
   9.0600000e+00   5.2702926e+01
   9.0900000e+00   5.4365711e+01
   9.1200000e+00   5.1518253e+01
   9.1500000e+00   4.4862865e+01
   9.1800000e+00   4.6618266e+01
   9.2100000e+00   5.4495515e+01
   9.2400000e+00   4.9236657e+01
   9.2700000e+00   4.9335761e+01
   9.3000000e+00   4.5345711e+01
   9.3300000e+00   4.9215234e+01
   9.3600000e+00   5.1777063e+01
   9.3900000e+00   4.7902645e+01
   9.4200000e+00   4.7519891e+01
   9.4500000e+00   4.5913047e+01
   9.4800000e+00   4.3176628e+01
   9.5100000e+00   4.2660287e+01
   9.5400000e+00   4.4115018e+01
   9.5700000e+00   5.7965320e+01
   9.6000000e+00   5.1273121e+01
   9.6300000e+00   4.2602437e+01
   9.6600000e+00   4.7027116e+01
   9.6900000e+00   5.1164757e+01
   9.7200000e+00   4.3651309e+01
   9.7500000e+00   5.4916920e+01
   9.7800000e+00   4.7930409e+01
   9.8100000e+00   3.9276138e+01
   9.8400000e+00   3.3462849e+01
   9.8700000e+00   4.4917292e+01
   9.9000000e+00   4.7906753e+01
   9.9300000e+00   4.7770158e+01
   9.9600000e+00   4.2245417e+01
   9.9900000e+00   4.3791199e+01
   1.0020000e+01   3.5104990e+01
   1.0050000e+01   3.5123608e+01
   1.0080000e+01   2.8271872e+01
   1.0110000e+01   3.2748081e+01
   1.0140000e+01   3.0161787e+01
   1.0170000e+01   2.7468758e+01
   1.0200000e+01   2.6553862e+01
   1.0230000e+01   2.6902392e+01
   1.0260000e+01   2.7646871e+01
   1.0290000e+01   2.8207782e+01
   1.0320000e+01   2.5404404e+01
   1.0350000e+01   2.5912424e+01
   1.0380000e+01   3.0112789e+01
   1.0410000e+01   3.0423972e+01
   1.0440000e+01   2.9013641e+01
   1.0470000e+01   5.5916286e+01
   1.0500000e+01   5.2038095e+01
   1.0530000e+01   4.6719121e+01
   1.0560000e+01   4.7499161e+01
   1.0590000e+01   4.7111219e+01
   1.0620000e+01   4.1098545e+01
   1.0650000e+01   4.1376280e+01
   1.0680000e+01   3.3372613e+01
   1.0710000e+01   4.5782458e+01
   1.0740000e+01   4.6282089e+01
   1.0770000e+01   4.3703135e+01
   1.0800000e+01   3.7632809e+01
   1.0830000e+01   3.2620487e+01
   1.0860000e+01   3.4433616e+01
   1.0890000e+01   3.1743233e+01
   1.0920000e+01   3.4339053e+01
   1.0950000e+01   4.5319093e+01
   1.0980000e+01   4.1869033e+01
   1.1010000e+01   3.5507314e+01
   1.1040000e+01   3.4926471e+01
   1.1070000e+01   3.1290200e+01
   1.1100000e+01   3.0454963e+01
   1.1130000e+01   2.9373886e+01
   1.1160000e+01   2.7535474e+01
   1.1190000e+01   3.7720041e+01
   1.1220000e+01   3.5648124e+01
   1.1250000e+01   3.4449261e+01
   1.1280000e+01   3.2302501e+01
   1.1310000e+01   3.3957292e+01
   1.1340000e+01   3.4020933e+01
   1.1370000e+01   3.4981183e+01
   1.1400000e+01   3.1086776e+01
   1.1430000e+01   2.7632085e+01
   1.1460000e+01   2.6894232e+01
   1.1490000e+01   2.6779721e+01
   1.1520000e+01   2.8078475e+01
   1.1550000e+01   2.7370330e+01
   1.1580000e+01   3.0478306e+01
   1.1610000e+01   2.9488549e+01
   1.1640000e+01   3.1021600e+01
   1.1670000e+01   3.9413946e+01
   1.1700000e+01   3.8785298e+01
   1.1730000e+01   3.4430605e+01
   1.1760000e+01   3.3996114e+01
   1.1790000e+01   3.1436163e+01
   1.1820000e+01   3.5094866e+01
   1.1850000e+01   3.0061711e+01
   1.1880000e+01   3.1890094e+01
   1.1910000e+01   2.9443814e+01
   1.1940000e+01   2.9269845e+01
   1.1970000e+01   2.9692391e+01
   1.2000000e+01   3.2941786e+01
   1.2030000e+01   3.1125558e+01
   1.2060000e+01   2.8970578e+01
   1.2090000e+01   3.0123060e+01
   1.2120000e+01   2.7758839e+01
   1.2150000e+01   2.8215787e+01
   1.2180000e+01   2.7095322e+01
   1.2210000e+01   3.2704337e+01
   1.2240000e+01   3.1990398e+01
   1.2270000e+01   2.8970697e+01
   1.2300000e+01   3.2861500e+01
   1.2330000e+01   3.6948790e+01
   1.2360000e+01   3.0612853e+01
   1.2390000e+01   3.2399478e+01
   1.2420000e+01   3.1873759e+01
   1.2450000e+01   3.2904474e+01
   1.2480000e+01   2.4309360e+01
   1.2510000e+01   3.1250437e+01
   1.2540000e+01   3.2776560e+01
   1.2570000e+01   3.9193700e+01
   1.2600000e+01   4.4842665e+01
   1.2630000e+01   4.5222638e+01
   1.2660000e+01   4.4876742e+01
   1.2690000e+01   4.3054792e+01
   1.2720000e+01   3.8310533e+01
   1.2750000e+01   3.4918377e+01
   1.2780000e+01   3.2069568e+01
   1.2810000e+01   3.2591746e+01
   1.2840000e+01   3.1896060e+01
   1.2870000e+01   3.3090480e+01
   1.2900000e+01   3.1080322e+01
   1.2930000e+01   2.8568835e+01
   1.2960000e+01   3.1177918e+01
   1.2990000e+01   3.0444607e+01
   1.3020000e+01   2.8466249e+01
   1.3050000e+01   3.0991075e+01
   1.3080000e+01   2.7041268e+01
   1.3110000e+01   2.8493434e+01
   1.3140000e+01   2.9797294e+01
   1.3170000e+01   2.7474635e+01
   1.3200000e+01   2.6209654e+01
   1.3230000e+01   3.5874994e+01
   1.3260000e+01   3.3392652e+01
   1.3290000e+01   3.5084294e+01
   1.3320000e+01   2.9593334e+01
   1.3350000e+01   2.8481978e+01
   1.3380000e+01   3.1980339e+01
   1.3410000e+01   2.8379010e+01
   1.3440000e+01   3.3477999e+01
   1.3470000e+01   2.9382000e+01
   1.3500000e+01   3.3139746e+01
   1.3530000e+01   2.6886771e+01
   1.3560000e+01   2.7819010e+01
   1.3590000e+01   2.5492197e+01
   1.3620000e+01   2.7773453e+01
   1.3650000e+01   2.9037787e+01
   1.3680000e+01   2.9832128e+01
   1.3710000e+01   2.9514899e+01
   1.3740000e+01   2.8217436e+01
   1.3770000e+01   2.9950486e+01
   1.3800000e+01   3.2398998e+01
   1.3830000e+01   3.6768983e+01
   1.3860000e+01   3.1191826e+01
   1.3890000e+01   2.7251179e+01
   1.3920000e+01   3.1034241e+01
   1.3950000e+01   2.8324062e+01
   1.3980000e+01   2.8089086e+01
   1.4010000e+01   2.9596122e+01
   1.4040000e+01   3.5509209e+01
   1.4070000e+01   3.2764153e+01
   1.4100000e+01   2.9411840e+01
   1.4130000e+01   2.8299831e+01
   1.4160000e+01   2.7325106e+01
   1.4190000e+01   2.8057702e+01
   1.4220000e+01   3.0699640e+01
   1.4250000e+01   2.9791106e+01
   1.4280000e+01   2.7595516e+01
   1.4310000e+01   2.5106633e+01
   1.4340000e+01   3.3732737e+01
   1.4370000e+01   3.5018855e+01
   1.4400000e+01   4.0446873e+01
   1.4430000e+01   3.8558391e+01
   1.4460000e+01   3.1960374e+01
   1.4490000e+01   2.9663359e+01
   1.4520000e+01   2.9327166e+01
   1.4550000e+01   2.8766078e+01
   1.4580000e+01   2.9723633e+01
   1.4610000e+01   2.9508522e+01
   1.4640000e+01   2.7118474e+01
   1.4670000e+01   2.8860900e+01
   1.4700000e+01   4.3842080e+01
   1.4730000e+01   5.3899466e+01
   1.4760000e+01   5.9397080e+01
   1.4790000e+01   5.4643495e+01
   1.4820000e+01   5.1634444e+01
   1.4850000e+01   4.5916848e+01
   1.4880000e+01   4.0500315e+01
   1.4910000e+01   3.4569434e+01
   1.4940000e+01   2.7469519e+01
   1.4970000e+01   2.8811426e+01
   1.5000000e+01   2.9858557e+01
   1.5030000e+01   2.8161256e+01
   1.5060000e+01   2.8697451e+01
   1.5090000e+01   2.7685161e+01
   1.5120000e+01   3.0133024e+01
   1.5150000e+01   3.0241430e+01
   1.5180000e+01   4.1167395e+01
   1.5210000e+01   3.2667483e+01
   1.5240000e+01   3.0774227e+01
   1.5270000e+01   3.8834412e+01
   1.5300000e+01   3.3710399e+01
   1.5330000e+01   2.6013369e+01
   1.5360000e+01   2.8683394e+01
   1.5390000e+01   2.9637780e+01
   1.5420000e+01   3.0373383e+01
   1.5450000e+01   2.8600164e+01
   1.5480000e+01   2.6949379e+01
   1.5510000e+01   2.9021068e+01
   1.5540000e+01   3.1315398e+01
   1.5570000e+01   2.8746413e+01
   1.5600000e+01   2.9988683e+01
   1.5630000e+01   3.2378585e+01
   1.5660000e+01   2.9577086e+01
   1.5690000e+01   2.7195202e+01
   1.5720000e+01   3.1819134e+01
   1.5750000e+01   3.1194363e+01
   1.5780000e+01   2.7861417e+01
   1.5810000e+01   2.6963260e+01
   1.5840000e+01   2.6490457e+01
   1.5870000e+01   3.1048709e+01
   1.5900000e+01   2.8306155e+01
   1.5930000e+01   2.9098519e+01
   1.5960000e+01   2.7877495e+01
   1.5990000e+01   3.0245279e+01
   1.6020000e+01   2.7932617e+01
   1.6050000e+01   3.0250462e+01
   1.6080000e+01   3.4728973e+01
   1.6110000e+01   4.6527169e+01
   1.6140000e+01   4.0966008e+01
   1.6170000e+01   3.6831498e+01
   1.6200000e+01   3.4870806e+01
   1.6230000e+01   3.2359891e+01
   1.6260000e+01   3.0866251e+01
   1.6290000e+01   2.9957194e+01
   1.6320000e+01   3.1066064e+01
   1.6350000e+01   2.7795465e+01
   1.6380000e+01   2.9223648e+01
   1.6410000e+01   3.0424380e+01
   1.6440000e+01   3.1069748e+01
   1.6470000e+01   2.9546461e+01
   1.6500000e+01   2.5699441e+01
   1.6530000e+01   2.7398709e+01
   1.6560000e+01   3.0863876e+01
   1.6590000e+01   3.1359545e+01
   1.6620000e+01   2.7760639e+01
   1.6650000e+01   3.4746771e+01
   1.6680000e+01   3.4381206e+01
   1.6710000e+01   3.0834674e+01
   1.6740000e+01   2.7582835e+01
   1.6770000e+01   2.8733724e+01
   1.6800000e+01   2.8687062e+01
   1.6830000e+01   2.8351651e+01
   1.6860000e+01   2.9041937e+01
   1.6890000e+01   3.4767571e+01
   1.6920000e+01   3.4831566e+01
   1.6950000e+01   3.2097320e+01
   1.6980000e+01   4.0815792e+01
   1.7010000e+01   5.6129834e+01
   1.7040000e+01   5.0310343e+01
   1.7070000e+01   4.4998650e+01
   1.7100000e+01   3.9604029e+01
   1.7130000e+01   3.5958701e+01
   1.7160000e+01   3.1367028e+01
   1.7190000e+01   2.8388921e+01
   1.7220000e+01   3.1100729e+01
   1.7250000e+01   2.9637336e+01
   1.7280000e+01   2.8967046e+01
   1.7310000e+01   3.1889613e+01
   1.7340000e+01   3.2401772e+01
   1.7370000e+01   3.8819249e+01
   1.7400000e+01   3.6184651e+01
   1.7430000e+01   3.0996541e+01
   1.7460000e+01   2.7198932e+01
   1.7490000e+01   2.8842140e+01
   1.7520000e+01   2.8983911e+01
   1.7550000e+01   3.1831172e+01
   1.7580000e+01   3.2496955e+01
   1.7610000e+01   3.2220138e+01
   1.7640000e+01   3.3539031e+01
   1.7670000e+01   4.1612471e+01
   1.7700000e+01   3.1678819e+01
   1.7730000e+01   4.5403494e+01
   1.7760000e+01   4.2943944e+01
   1.7790000e+01   3.7491664e+01
   1.7820000e+01   4.0475797e+01
   1.7850000e+01   3.5770559e+01
   1.7880000e+01   2.9344990e+01
   1.7910000e+01   2.8949231e+01
   1.7940000e+01   3.1561464e+01
   1.7970000e+01   3.4181790e+01
   1.8000000e+01   3.0898511e+01
   1.8030000e+01   2.9270735e+01
   1.8060000e+01   2.8234057e+01
   1.8090000e+01   2.7500333e+01
   1.8120000e+01   2.5435776e+01
   1.8150000e+01   2.8916927e+01
   1.8180000e+01   2.6876473e+01
   1.8210000e+01   3.3382380e+01
   1.8240000e+01   3.0490072e+01
   1.8270000e+01   3.3074114e+01
   1.8300000e+01   3.3383061e+01
   1.8330000e+01   3.1132166e+01
   1.8360000e+01   3.0910690e+01
   1.8390000e+01   3.0090679e+01
   1.8420000e+01   3.3425470e+01
   1.8450000e+01   3.5102683e+01
   1.8480000e+01   3.0346944e+01
   1.8510000e+01   2.7398453e+01
   1.8540000e+01   2.6461420e+01
   1.8570000e+01   2.9492965e+01
   1.8600000e+01   3.0228197e+01
   1.8630000e+01   3.1239963e+01
   1.8660000e+01   3.2061493e+01
   1.8690000e+01   3.2077886e+01
   1.8720000e+01   3.1044672e+01
   1.8750000e+01   3.1968235e+01
   1.8780000e+01   3.0375402e+01
   1.8810000e+01   2.5539408e+01
   1.8840000e+01   2.5561164e+01
   1.8870000e+01   2.8083190e+01
   1.8900000e+01   3.0085910e+01
   1.8930000e+01   3.1386449e+01
   1.8960000e+01   3.0103630e+01
   1.8990000e+01   3.3863622e+01
   1.9020000e+01   3.4037514e+01
   1.9050000e+01   3.0300293e+01
   1.9080000e+01   2.9012743e+01
   1.9110000e+01   3.6281230e+01
   1.9140000e+01   3.7965573e+01
   1.9170000e+01   3.4009529e+01
   1.9200000e+01   3.2401133e+01
   1.9230000e+01   3.1290653e+01
   1.9260000e+01   3.1403183e+01
   1.9290000e+01   3.0672025e+01
   1.9320000e+01   2.6460723e+01
   1.9350000e+01   2.6928722e+01
   1.9380000e+01   2.7780072e+01
   1.9410000e+01   3.3298913e+01
   1.9440000e+01   3.2173687e+01
   1.9470000e+01   2.6934375e+01
   1.9500000e+01   2.6991715e+01
   1.9530000e+01   3.0151006e+01
   1.9560000e+01   2.9409847e+01
   1.9590000e+01   2.7698722e+01
   1.9620000e+01   2.7090132e+01
   1.9650000e+01   3.1314571e+01
   1.9680000e+01   3.2146528e+01
   1.9710000e+01   3.2519938e+01
   1.9740000e+01   3.0208631e+01
   1.9770000e+01   2.8416096e+01
   1.9800000e+01   3.4851062e+01
   1.9830000e+01   3.1400190e+01
   1.9860000e+01   3.2848576e+01
   1.9890000e+01   3.3672281e+01
   1.9920000e+01   3.0815033e+01
   1.9950000e+01   2.8712686e+01
   1.9980000e+01   2.9804645e+01
   2.0010000e+01   2.9243891e+01
   2.0040000e+01   3.5533505e+01
   2.0070000e+01   3.2552893e+01
   2.0100000e+01   3.4437205e+01
   2.0130000e+01   3.0456239e+01
   2.0160000e+01   3.2705689e+01
   2.0190000e+01   2.8191164e+01
   2.0220000e+01   3.2796753e+01
   2.0250000e+01   3.9718239e+01
   2.0280000e+01   4.5863578e+01
   2.0310000e+01   3.8817889e+01
   2.0340000e+01   2.9941708e+01
   2.0370000e+01   3.2519077e+01
   2.0400000e+01   3.3959640e+01
   2.0430000e+01   3.1277142e+01
   2.0460000e+01   3.8255573e+01
   2.0490000e+01   4.2651987e+01
   2.0520000e+01   4.4650110e+01
   2.0550000e+01   4.4222483e+01
   2.0580000e+01   4.1896358e+01
   2.0610000e+01   3.9073246e+01
   2.0640000e+01   3.7125968e+01
   2.0670000e+01   3.6190091e+01
   2.0700000e+01   3.3965195e+01
   2.0730000e+01   3.5075133e+01
   2.0760000e+01   2.9722276e+01
   2.0790000e+01   2.8297066e+01
   2.0820000e+01   3.6916546e+01
   2.0850000e+01   3.6770892e+01
   2.0880000e+01   3.7845191e+01
   2.0910000e+01   3.2626250e+01
   2.0940000e+01   3.5637591e+01
   2.0970000e+01   3.3180791e+01
   2.1000000e+01   3.0253387e+01
   2.1030000e+01   2.9497455e+01
   2.1060000e+01   3.1578213e+01
   2.1090000e+01   3.2448797e+01
   2.1120000e+01   3.2582183e+01
   2.1150000e+01   3.4408666e+01
   2.1180000e+01   2.7501672e+01
   2.1210000e+01   2.6259925e+01
   2.1240000e+01   2.8157744e+01
   2.1270000e+01   3.0367808e+01
   2.1300000e+01   3.5207925e+01
   2.1330000e+01   3.9959635e+01
   2.1360000e+01   4.1318113e+01
   2.1390000e+01   4.6374143e+01
   2.1420000e+01   4.3500735e+01
   2.1450000e+01   3.8923891e+01
   2.1480000e+01   3.0407371e+01
   2.1510000e+01   2.6109146e+01
   2.1540000e+01   2.9126899e+01
   2.1570000e+01   3.1004761e+01
   2.1600000e+01   4.2146494e+01
   2.1630000e+01   4.8476381e+01
   2.1660000e+01   4.2346358e+01
   2.1690000e+01   4.1499169e+01
   2.1720000e+01   3.5738791e+01
   2.1750000e+01   3.3332454e+01
   2.1780000e+01   2.9191409e+01
   2.1810000e+01   2.6986065e+01
   2.1840000e+01   2.9529354e+01
   2.1870000e+01   2.9022592e+01
   2.1900000e+01   2.5719166e+01
   2.1930000e+01   2.7058401e+01
   2.1960000e+01   2.8424366e+01
   2.1990000e+01   3.3138890e+01
   2.2020000e+01   3.8595827e+01
   2.2050000e+01   3.8588575e+01
   2.2080000e+01   3.4969892e+01
   2.2110000e+01   3.3046249e+01
   2.2140000e+01   3.5149001e+01
   2.2170000e+01   3.5894471e+01
   2.2200000e+01   3.0716893e+01
   2.2230000e+01   2.9321156e+01
   2.2260000e+01   2.9871655e+01
   2.2290000e+01   2.9002707e+01
   2.2320000e+01   2.8523996e+01
   2.2350000e+01   3.3492763e+01
   2.2380000e+01   3.0348803e+01
   2.2410000e+01   3.0969855e+01
   2.2440000e+01   2.8182666e+01
   2.2470000e+01   3.5464951e+01
   2.2500000e+01   3.4651504e+01
   2.2530000e+01   2.9581130e+01
   2.2560000e+01   2.8954953e+01
   2.2590000e+01   2.7658931e+01
   2.2620000e+01   2.7722760e+01
   2.2650000e+01   2.9289294e+01
   2.2680000e+01   2.9756685e+01
   2.2710000e+01   2.8631801e+01
   2.2740000e+01   2.9353259e+01
   2.2770000e+01   2.6681548e+01
   2.2800000e+01   3.0449006e+01
   2.2830000e+01   3.2908272e+01
   2.2860000e+01   2.9050187e+01
   2.2890000e+01   2.8387493e+01
   2.2920000e+01   2.6826258e+01
   2.2950000e+01   3.2359970e+01
   2.2980000e+01   3.9662280e+01
   2.3010000e+01   3.8516349e+01
   2.3040000e+01   3.6709871e+01
   2.3070000e+01   3.1841925e+01
   2.3100000e+01   3.0659288e+01
   2.3130000e+01   2.8378399e+01
   2.3160000e+01   2.5362832e+01
   2.3190000e+01   2.8449141e+01
   2.3220000e+01   3.6460444e+01
   2.3250000e+01   3.3713995e+01
   2.3280000e+01   2.9876680e+01
   2.3310000e+01   2.9567524e+01
   2.3340000e+01   2.4678611e+01
   2.3370000e+01   2.6547434e+01
   2.3400000e+01   2.6733308e+01
   2.3430000e+01   3.1119658e+01
   2.3460000e+01   3.3181042e+01
   2.3490000e+01   2.7989344e+01
   2.3520000e+01   2.9142370e+01
   2.3550000e+01   2.9541703e+01
   2.3580000e+01   3.3162565e+01
   2.3610000e+01   3.3176332e+01
   2.3640000e+01   2.9299772e+01
   2.3670000e+01   3.3434538e+01
   2.3700000e+01   3.2805589e+01
   2.3730000e+01   2.8453646e+01
   2.3760000e+01   2.7342067e+01
   2.3790000e+01   2.7888438e+01
   2.3820000e+01   2.7683533e+01
   2.3850000e+01   3.4484562e+01
   2.3880000e+01   3.2238720e+01
   2.3910000e+01   3.0014708e+01
   2.3940000e+01   3.1534325e+01
   2.3970000e+01   3.0020078e+01
   2.4000000e+01   2.9016589e+01
   2.4030000e+01   2.6906100e+01
   2.4060000e+01   2.7853782e+01
   2.4090000e+01   2.9293800e+01
   2.4120000e+01   3.1706737e+01
   2.4150000e+01   3.3302873e+01
   2.4180000e+01   3.3806250e+01
   2.4210000e+01   3.6400154e+01
   2.4240000e+01   3.3401546e+01
   2.4270000e+01   2.9042246e+01
   2.4300000e+01   2.9312181e+01
   2.4330000e+01   3.2089711e+01
   2.4360000e+01   4.7101426e+01
   2.4390000e+01   3.8568734e+01
   2.4420000e+01   3.7107751e+01
   2.4450000e+01   3.5585223e+01
   2.4480000e+01   3.3343030e+01
   2.4510000e+01   2.7145810e+01
   2.4540000e+01   2.6122122e+01
   2.4570000e+01   2.6643309e+01
   2.4600000e+01   3.4957128e+01
   2.4630000e+01   3.2804871e+01
   2.4660000e+01   3.6440212e+01
   2.4690000e+01   3.2405792e+01
   2.4720000e+01   3.1006958e+01
   2.4750000e+01   2.9560301e+01
   2.4780000e+01   2.6736703e+01
   2.4810000e+01   2.7114797e+01
   2.4840000e+01   2.5452768e+01
   2.4870000e+01   3.5111264e+01
   2.4900000e+01   3.4442207e+01
   2.4930000e+01   2.9899063e+01
   2.4960000e+01   2.8822088e+01
   2.4990000e+01   3.2676641e+01
   2.5020000e+01   3.0536087e+01
   2.5050000e+01   2.4089800e+01
   2.5080000e+01   2.2239750e+01
   2.5110000e+01   3.3794112e+01
   2.5140000e+01   3.1900722e+01
   2.5170000e+01   2.9347361e+01
   2.5200000e+01   3.0317275e+01
   2.5230000e+01   3.0019742e+01
   2.5260000e+01   2.9837378e+01
   2.5290000e+01   2.7172960e+01
   2.5320000e+01   2.8807703e+01
   2.5350000e+01   2.9468034e+01
   2.5380000e+01   2.8924516e+01
   2.5410000e+01   2.8806162e+01
   2.5440000e+01   2.8234530e+01
   2.5470000e+01   2.9130557e+01
   2.5500000e+01   3.1227342e+01
   2.5530000e+01   3.4318879e+01
   2.5560000e+01   3.0589766e+01
   2.5590000e+01   2.7951820e+01
   2.5620000e+01   2.8297383e+01
   2.5650000e+01   3.2883626e+01
   2.5680000e+01   3.2582515e+01
   2.5710000e+01   3.2473806e+01
   2.5740000e+01   3.3665190e+01
   2.5770000e+01   3.4763996e+01
   2.5800000e+01   2.8344931e+01
   2.5830000e+01   4.4007000e+01
   2.5860000e+01   3.5822837e+01
   2.5890000e+01   2.9068756e+01
   2.5920000e+01   2.8356761e+01
   2.5950000e+01   2.9931867e+01
   2.5980000e+01   3.3173105e+01
   2.6010000e+01   3.0115700e+01
   2.6040000e+01   2.8587071e+01
   2.6070000e+01   2.9106777e+01
   2.6100000e+01   2.8395109e+01
   2.6130000e+01   2.5266377e+01
   2.6160000e+01   2.7137461e+01
   2.6190000e+01   3.2379703e+01
   2.6220000e+01   3.1679424e+01
   2.6250000e+01   2.7639535e+01
   2.6280000e+01   2.6721293e+01
   2.6310000e+01   2.7436612e+01
   2.6340000e+01   3.0685152e+01
   2.6370000e+01   3.0969903e+01
   2.6400000e+01   2.7203476e+01
   2.6430000e+01   2.7907394e+01
   2.6460000e+01   2.9036504e+01
   2.6490000e+01   3.0269414e+01
   2.6520000e+01   2.9866572e+01
   2.6550000e+01   2.9825093e+01
   2.6580000e+01   3.2388358e+01
   2.6610000e+01   2.9494939e+01
   2.6640000e+01   2.9830822e+01
   2.6670000e+01   3.4621094e+01
   2.6700000e+01   3.3238995e+01
   2.6730000e+01   3.2824554e+01
   2.6760000e+01   3.1888773e+01
   2.6790000e+01   3.0385725e+01
   2.6820000e+01   3.1955188e+01
   2.6850000e+01   3.0381533e+01
   2.6880000e+01   2.7188194e+01
   2.6910000e+01   3.0572135e+01
   2.6940000e+01   2.9548622e+01
   2.6970000e+01   3.1810949e+01
   2.7000000e+01   3.0204569e+01
   2.7030000e+01   3.7118261e+01
   2.7060000e+01   3.9472296e+01
   2.7090000e+01   3.8346815e+01
   2.7120000e+01   3.0737830e+01
   2.7150000e+01   2.9658802e+01
   2.7180000e+01   3.1222637e+01
   2.7210000e+01   3.1199911e+01
   2.7240000e+01   3.2299700e+01
   2.7270000e+01   2.9324377e+01
   2.7300000e+01   3.2796117e+01
   2.7330000e+01   3.0732098e+01
   2.7360000e+01   2.8774795e+01
   2.7390000e+01   2.7566418e+01
   2.7420000e+01   2.7495290e+01
   2.7450000e+01   2.9777361e+01
   2.7480000e+01   3.0034065e+01
   2.7510000e+01   2.9153290e+01
   2.7540000e+01   2.4410445e+01
   2.7570000e+01   2.6879085e+01
   2.7600000e+01   2.8826087e+01
   2.7630000e+01   3.0512839e+01
   2.7660000e+01   3.0131448e+01
   2.7690000e+01   3.3263050e+01
   2.7720000e+01   3.7488869e+01
   2.7750000e+01   4.2820929e+01
   2.7780000e+01   4.1633460e+01
   2.7810000e+01   3.4310487e+01
   2.7840000e+01   2.9460061e+01
   2.7870000e+01   2.8114552e+01
   2.7900000e+01   2.7344066e+01
   2.7930000e+01   2.8917166e+01
   2.7960000e+01   2.9222796e+01
   2.7990000e+01   3.1410072e+01
   2.8020000e+01   2.8535185e+01
   2.8050000e+01   2.9603107e+01
   2.8080000e+01   4.5145504e+01
   2.8110000e+01   4.3139507e+01
   2.8140000e+01   3.8770002e+01
   2.8170000e+01   3.2946572e+01
   2.8200000e+01   2.8796103e+01
   2.8230000e+01   2.7782543e+01
   2.8260000e+01   3.4750511e+01
   2.8290000e+01   4.3438954e+01
   2.8320000e+01   3.8560834e+01
   2.8350000e+01   3.6189169e+01
   2.8380000e+01   3.3464713e+01
   2.8410000e+01   3.2873564e+01
   2.8440000e+01   2.8020403e+01
   2.8470000e+01   2.7478102e+01
   2.8500000e+01   2.6037971e+01
   2.8530000e+01   3.5436596e+01
   2.8560000e+01   3.4522481e+01
   2.8590000e+01   3.8986141e+01
   2.8620000e+01   3.4119215e+01
   2.8650000e+01   2.8064068e+01
   2.8680000e+01   3.0316008e+01
   2.8710000e+01   3.2182724e+01
   2.8740000e+01   3.1298012e+01
   2.8770000e+01   2.7719580e+01
   2.8800000e+01   3.0052478e+01
   2.8830000e+01   2.8539332e+01
   2.8860000e+01   2.7456669e+01
   2.8890000e+01   2.5870800e+01
   2.8920000e+01   2.8536864e+01
   2.8950000e+01   3.2682558e+01
   2.8980000e+01   2.9442526e+01
   2.9010000e+01   2.5955063e+01
   2.9040000e+01   2.6694365e+01
   2.9070000e+01   3.1626055e+01
   2.9100000e+01   3.3147356e+01
   2.9130000e+01   3.3619032e+01
   2.9160000e+01   3.0309661e+01
   2.9190000e+01   2.9736213e+01
   2.9220000e+01   3.1294229e+01
   2.9250000e+01   3.1347987e+01
   2.9280000e+01   3.3160107e+01
   2.9310000e+01   3.8729679e+01
   2.9340000e+01   3.7156974e+01
   2.9370000e+01   3.0868864e+01
   2.9400000e+01   3.8093242e+01
   2.9430000e+01   3.0245376e+01
   2.9460000e+01   3.0576368e+01
   2.9490000e+01   3.3129015e+01
   2.9520000e+01   3.0248503e+01
   2.9550000e+01   2.6928386e+01
   2.9580000e+01   2.4429491e+01
   2.9610000e+01   2.7823060e+01
   2.9640000e+01   2.9045324e+01
   2.9670000e+01   2.6846707e+01
   2.9700000e+01   2.8027258e+01
   2.9730000e+01   3.0765445e+01
   2.9760000e+01   2.9237873e+01
   2.9790000e+01   2.9763447e+01
   2.9820000e+01   3.1302177e+01
   2.9850000e+01   3.7757839e+01
   2.9880000e+01   2.9662179e+01
   2.9910000e+01   3.0858642e+01
   2.9940000e+01   2.8032203e+01
   2.9970000e+01   2.8844523e+01
   3.0000000e+01   3.0500784e+01
   3.0030000e+01   3.2301008e+01
   3.0060000e+01   3.3404887e+01
   3.0090000e+01   3.1011725e+01
   3.0120000e+01   2.9749695e+01
   3.0150000e+01   2.6629271e+01
   3.0180000e+01   3.0826275e+01
   3.0210000e+01   3.0717867e+01
   3.0240000e+01   3.0435203e+01
   3.0270000e+01   3.1057940e+01
   3.0300000e+01   3.0818588e+01
   3.0330000e+01   3.2266823e+01
   3.0360000e+01   4.1202678e+01
   3.0390000e+01   4.5313929e+01
   3.0420000e+01   3.5648553e+01
   3.0450000e+01   3.2895261e+01
   3.0480000e+01   3.2169485e+01
   3.0510000e+01   3.0880516e+01
   3.0540000e+01   3.0335868e+01
   3.0570000e+01   2.9282472e+01
   3.0600000e+01   2.8272394e+01
   3.0630000e+01   3.0549777e+01
   3.0660000e+01   2.8025378e+01
   3.0690000e+01   2.6496909e+01
   3.0720000e+01   2.7586739e+01
   3.0750000e+01   2.4783317e+01
   3.0780000e+01   2.6117310e+01
   3.0810000e+01   2.9983921e+01
   3.0840000e+01   2.7793446e+01
   3.0870000e+01   3.6167755e+01
   3.0900000e+01   4.0534547e+01
   3.0930000e+01   3.6323908e+01
   3.0960000e+01   3.4933072e+01
   3.0990000e+01   3.1333915e+01
   3.1020000e+01   2.9598489e+01
   3.1050000e+01   3.0140465e+01
   3.1080000e+01   2.9698402e+01
   3.1110000e+01   2.9359103e+01
   3.1140000e+01   2.6640415e+01
   3.1170000e+01   3.0099764e+01
   3.1200000e+01   3.2416085e+01
   3.1230000e+01   3.1182296e+01
   3.1260000e+01   2.7318950e+01
   3.1290000e+01   2.8566811e+01
   3.1320000e+01   2.9765220e+01
   3.1350000e+01   2.6344448e+01
   3.1380000e+01   2.7046573e+01
   3.1410000e+01   2.7336792e+01
   3.1440000e+01   2.8970615e+01
   3.1470000e+01   2.9917931e+01
   3.1500000e+01   3.2740821e+01
   3.1530000e+01   2.9963827e+01
   3.1560000e+01   2.7912039e+01
   3.1590000e+01   2.6736006e+01
   3.1620000e+01   2.6176027e+01
   3.1650000e+01   3.1433442e+01
   3.1680000e+01   2.9739387e+01
   3.1710000e+01   3.1241010e+01
   3.1740000e+01   2.6920128e+01
   3.1770000e+01   2.7146282e+01
   3.1800000e+01   2.9575001e+01
   3.1830000e+01   3.0294494e+01
   3.1860000e+01   2.9492966e+01
   3.1890000e+01   3.4240893e+01
   3.1920000e+01   3.7070571e+01
   3.1950000e+01   3.4282061e+01
   3.1980000e+01   2.7158790e+01
   3.2010000e+01   2.7451826e+01
   3.2040000e+01   2.8107980e+01
   3.2070000e+01   2.6544025e+01
   3.2100000e+01   3.0532274e+01
   3.2130000e+01   3.3922146e+01
   3.2160000e+01   3.3973258e+01
   3.2190000e+01   3.0808212e+01
   3.2220000e+01   3.1920254e+01
   3.2250000e+01   3.0156671e+01
   3.2280000e+01   2.8258759e+01
   3.2310000e+01   2.8760271e+01
   3.2340000e+01   2.8389536e+01
   3.2370000e+01   2.9923628e+01
   3.2400000e+01   2.7879627e+01
   3.2430000e+01   2.9440110e+01
   3.2460000e+01   2.4742575e+01
   3.2490000e+01   3.1106847e+01
   3.2520000e+01   3.7597193e+01
   3.2550000e+01   3.2584798e+01
   3.2580000e+01   2.8012480e+01
   3.2610000e+01   2.5371658e+01
   3.2640000e+01   2.8480768e+01
   3.2670000e+01   3.2717151e+01
   3.2700000e+01   3.2057873e+01
   3.2730000e+01   2.8491617e+01
   3.2760000e+01   2.5651758e+01
   3.2790000e+01   2.6278809e+01
   3.2820000e+01   3.0106017e+01
   3.2850000e+01   3.2308613e+01
   3.2880000e+01   3.8179046e+01
   3.2910000e+01   4.3305305e+01
   3.2940000e+01   3.9109661e+01
   3.2970000e+01   3.7651877e+01
   3.3000000e+01   3.4608107e+01
   3.3030000e+01   3.0662997e+01
   3.3060000e+01   5.4167591e+01
   3.3090000e+01   5.2027744e+01
   3.3120000e+01   4.6580189e+01
   3.3150000e+01   5.0000309e+01
   3.3180000e+01   4.8331747e+01
   3.3210000e+01   4.5342011e+01
   3.3240000e+01   3.8409962e+01
   3.3270000e+01   3.3788724e+01
   3.3300000e+01   5.5577316e+01
   3.3330000e+01   5.6406054e+01
   3.3360000e+01   5.0774072e+01
   3.3390000e+01   4.7733674e+01
   3.3420000e+01   4.5507214e+01
   3.3450000e+01   4.0781492e+01
   3.3480000e+01   3.6321386e+01
   3.3510000e+01   3.1452177e+01
   3.3540000e+01   2.9209093e+01
   3.3570000e+01   3.0949591e+01
   3.3600000e+01   2.8698584e+01
   3.3630000e+01   3.2128944e+01
   3.3660000e+01   2.7934432e+01
   3.3690000e+01   2.9144402e+01
   3.3720000e+01   3.4432342e+01
   3.3750000e+01   3.4106180e+01
   3.3780000e+01   3.8538780e+01
   3.3810000e+01   3.7761742e+01
   3.3840000e+01   3.8558418e+01
   3.3870000e+01   3.4372198e+01
   3.3900000e+01   3.2353090e+01
   3.3930000e+01   3.3349568e+01
   3.3960000e+01   3.5515153e+01
   3.3990000e+01   3.4470104e+01
   3.4020000e+01   3.7880526e+01
   3.4050000e+01   3.2162085e+01
   3.4080000e+01   3.0771517e+01
   3.4110000e+01   3.2488172e+01
   3.4140000e+01   3.5118909e+01
   3.4170000e+01   3.6705562e+01
   3.4200000e+01   3.1919399e+01
   3.4230000e+01   2.8286354e+01
   3.4260000e+01   3.6052617e+01
   3.4290000e+01   3.1409908e+01
   3.4320000e+01   3.1388012e+01
   3.4350000e+01   3.0037644e+01
   3.4380000e+01   2.9389039e+01
   3.4410000e+01   3.6186921e+01
   3.4440000e+01   2.9406670e+01
   3.4470000e+01   3.1220723e+01
   3.4500000e+01   3.3063377e+01
   3.4530000e+01   2.7653793e+01
   3.4560000e+01   3.1135889e+01
   3.4590000e+01   3.0792897e+01
   3.4620000e+01   4.3427090e+01
   3.4650000e+01   3.8845183e+01
   3.4680000e+01   3.2915839e+01
   3.4710000e+01   2.7887472e+01
   3.4740000e+01   2.8862740e+01
   3.4770000e+01   3.0893440e+01
   3.4800000e+01   3.0338128e+01
   3.4830000e+01   3.0283161e+01
   3.4860000e+01   2.5689488e+01
   3.4890000e+01   2.7438602e+01
   3.4920000e+01   2.8925862e+01
   3.4950000e+01   2.8333572e+01
   3.4980000e+01   2.7854953e+01
   3.5010000e+01   3.1324008e+01
   3.5040000e+01   3.4075586e+01
   3.5070000e+01   2.8596162e+01
   3.5100000e+01   2.9068513e+01
   3.5130000e+01   3.4766268e+01
   3.5160000e+01   3.5344106e+01
   3.5190000e+01   3.5531968e+01
   3.5220000e+01   2.8384453e+01
   3.5250000e+01   3.0307302e+01
   3.5280000e+01   2.8528968e+01
   3.5310000e+01   2.7074946e+01
   3.5340000e+01   3.0090793e+01
   3.5370000e+01   3.0291980e+01
   3.5400000e+01   2.8671733e+01
   3.5430000e+01   2.8625056e+01
   3.5460000e+01   3.0301600e+01
   3.5490000e+01   2.9411047e+01
   3.5520000e+01   2.9629204e+01
   3.5550000e+01   2.6594605e+01
   3.5580000e+01   2.8901087e+01
   3.5610000e+01   3.3440985e+01
   3.5640000e+01   3.4564027e+01
   3.5670000e+01   3.3174799e+01
   3.5700000e+01   3.4437682e+01
   3.5730000e+01   3.0212143e+01
   3.5760000e+01   2.9577999e+01
   3.5790000e+01   3.0351341e+01
   3.5820000e+01   2.8186878e+01
   3.5850000e+01   3.0063510e+01
   3.5880000e+01   3.3575506e+01
   3.5910000e+01   3.2213313e+01
   3.5940000e+01   3.0611324e+01
   3.5970000e+01   3.3256826e+01
   3.6000000e+01   3.5815190e+01
   3.6030000e+01   4.1416455e+01
   3.6060000e+01   3.3709414e+01
   3.6090000e+01   3.1616505e+01
   3.6120000e+01   3.4813614e+01
   3.6150000e+01   3.4966644e+01
   3.6180000e+01   3.1904474e+01
   3.6210000e+01   3.2542550e+01
   3.6240000e+01   3.0286636e+01
   3.6270000e+01   3.1489406e+01
   3.6300000e+01   3.1272958e+01
   3.6330000e+01   3.1794494e+01
   3.6360000e+01   3.4373697e+01
   3.6390000e+01   3.1202835e+01
   3.6420000e+01   2.6833309e+01
   3.6450000e+01   3.1115811e+01
   3.6480000e+01   2.9802864e+01
   3.6510000e+01   3.2175155e+01
   3.6540000e+01   2.8656439e+01
   3.6570000e+01   3.1232239e+01
   3.6600000e+01   3.2738697e+01
   3.6630000e+01   2.8633121e+01
   3.6660000e+01   3.5712501e+01
   3.6690000e+01   3.5091294e+01
   3.6720000e+01   2.8064105e+01
   3.6750000e+01   3.1817994e+01
   3.6780000e+01   2.9791614e+01
   3.6810000e+01   3.1886492e+01
   3.6840000e+01   3.3836673e+01
   3.6870000e+01   3.0318162e+01
   3.6900000e+01   3.2257747e+01
   3.6930000e+01   3.2228477e+01
   3.6960000e+01   3.3975139e+01
   3.6990000e+01   3.0609119e+01
   3.7020000e+01   3.0904087e+01
   3.7050000e+01   5.4041524e+01
   3.7080000e+01   5.2250746e+01
   3.7110000e+01   4.6633380e+01
   3.7140000e+01   4.8761331e+01
   3.7170000e+01   4.5116697e+01
   3.7200000e+01   4.0410521e+01
   3.7230000e+01   3.5752433e+01
   3.7260000e+01   3.4380042e+01
   3.7290000e+01   3.4672398e+01
   3.7320000e+01   5.6310563e+01
   3.7350000e+01   5.2180695e+01
   3.7380000e+01   4.7567655e+01
   3.7410000e+01   4.6501454e+01
   3.7440000e+01   4.1533828e+01
   3.7470000e+01   3.7422080e+01
   3.7500000e+01   3.4213904e+01
   3.7530000e+01   3.0372655e+01
   3.7560000e+01   3.4065775e+01
   3.7590000e+01   4.9614799e+01
   3.7620000e+01   4.7355258e+01
   3.7650000e+01   4.5949344e+01
   3.7680000e+01   3.9949808e+01
   3.7710000e+01   3.6013557e+01
   3.7740000e+01   2.9965637e+01
   3.7770000e+01   2.5846710e+01
   3.7800000e+01   2.8184421e+01
   3.7830000e+01   3.3155174e+01
   3.7860000e+01   3.0691768e+01
   3.7890000e+01   3.2686984e+01
   3.7920000e+01   3.1625546e+01
   3.7950000e+01   2.9603280e+01
   3.7980000e+01   3.0165965e+01
   3.8010000e+01   3.1692884e+01
   3.8040000e+01   3.5667293e+01
   3.8070000e+01   3.3787402e+01
   3.8100000e+01   3.0144497e+01
   3.8130000e+01   3.5659577e+01
   3.8160000e+01   4.0456062e+01
   3.8190000e+01   3.3814305e+01
   3.8220000e+01   3.8544296e+01
   3.8250000e+01   3.6736547e+01
   3.8280000e+01   2.9549593e+01
   3.8310000e+01   2.5650897e+01
   3.8340000e+01   2.6668199e+01
   3.8370000e+01   3.4248404e+01
   3.8400000e+01   3.3727458e+01
   3.8430000e+01   3.1487943e+01
   3.8460000e+01   2.7980872e+01
   3.8490000e+01   3.1303085e+01
   3.8520000e+01   2.9391882e+01
   3.8550000e+01   3.2087664e+01
   3.8580000e+01   3.3450409e+01
   3.8610000e+01   3.3284188e+01
   3.8640000e+01   2.5305698e+01
   3.8670000e+01   3.1352503e+01
   3.8700000e+01   2.7132309e+01
   3.8730000e+01   2.4406246e+01
   3.8760000e+01   2.6573758e+01
   3.8790000e+01   2.5205313e+01
   3.8820000e+01   2.7292531e+01
   3.8850000e+01   2.6106359e+01
   3.8880000e+01   3.0735472e+01
   3.8910000e+01   3.3099895e+01
   3.8940000e+01   4.0095914e+01
   3.8970000e+01   3.4461915e+01
   3.9000000e+01   3.0481968e+01
   3.9030000e+01   2.9935123e+01
   3.9060000e+01   3.0403355e+01
   3.9090000e+01   3.5679384e+01
   3.9120000e+01   3.3403142e+01
   3.9150000e+01   3.4202033e+01
   3.9180000e+01   3.3171527e+01
   3.9210000e+01   2.8631931e+01
   3.9240000e+01   4.0398346e+01
   3.9270000e+01   4.0972320e+01
   3.9300000e+01   3.9858179e+01
   3.9330000e+01   4.1736019e+01
   3.9360000e+01   4.5538528e+01
   3.9390000e+01   4.1231529e+01
   3.9420000e+01   3.7035776e+01
   3.9450000e+01   3.3442908e+01
   3.9480000e+01   2.8227645e+01
   3.9510000e+01   2.8203193e+01
   3.9540000e+01   2.8192105e+01
   3.9570000e+01   2.6778245e+01
   3.9600000e+01   2.8679515e+01
   3.9630000e+01   3.1584540e+01
   3.9660000e+01   2.8801259e+01
   3.9690000e+01   3.1297452e+01
   3.9720000e+01   2.8511668e+01
   3.9750000e+01   2.9466584e+01
   3.9780000e+01   2.6165092e+01
   3.9810000e+01   2.8485170e+01
   3.9840000e+01   2.8305208e+01
   3.9870000e+01   3.0524022e+01
   3.9900000e+01   3.3748253e+01
   3.9930000e+01   2.9916564e+01
   3.9960000e+01   2.8921375e+01
   3.9990000e+01   2.8547306e+01
   4.0020000e+01   2.6640180e+01
   4.0050000e+01   3.1602465e+01
   4.0080000e+01   2.9447164e+01
   4.0110000e+01   2.9602091e+01
   4.0140000e+01   2.8819335e+01
   4.0170000e+01   3.1375640e+01
   4.0200000e+01   3.6407035e+01
   4.0230000e+01   3.2578448e+01
   4.0260000e+01   3.0499410e+01
   4.0290000e+01   3.1175066e+01
   4.0320000e+01   2.9674696e+01
   4.0350000e+01   2.8864663e+01
   4.0380000e+01   2.6583924e+01
   4.0410000e+01   2.8881796e+01
   4.0440000e+01   3.9807633e+01
   4.0470000e+01   4.0314675e+01
   4.0500000e+01   4.0756249e+01
   4.0530000e+01   4.3317079e+01
   4.0560000e+01   4.0158871e+01
   4.0590000e+01   4.0587144e+01
   4.0620000e+01   4.2897472e+01
   4.0650000e+01   4.1346369e+01
   4.0680000e+01   3.6686195e+01
   4.0710000e+01   3.6276232e+01
   4.0740000e+01   3.2951163e+01
   4.0770000e+01   2.8931445e+01
   4.0800000e+01   2.6242297e+01
   4.0830000e+01   2.6208863e+01
   4.0860000e+01   3.0223333e+01
   4.0890000e+01   3.1918211e+01
   4.0920000e+01   2.9932809e+01
   4.0950000e+01   2.7724979e+01
   4.0980000e+01   3.5724060e+01
   4.1010000e+01   4.3471691e+01
   4.1040000e+01   4.0299388e+01
   4.1070000e+01   3.6899068e+01
   4.1100000e+01   2.8928524e+01
   4.1130000e+01   2.7082348e+01
   4.1160000e+01   2.7104920e+01
   4.1190000e+01   3.6112753e+01
   4.1220000e+01   3.6510823e+01
   4.1250000e+01   3.6180844e+01
   4.1280000e+01   3.9813412e+01
   4.1310000e+01   3.8355486e+01
   4.1340000e+01   4.2965906e+01
   4.1370000e+01   4.8192709e+01
   4.1400000e+01   4.4183748e+01
   4.1430000e+01   3.8507354e+01
   4.1460000e+01   3.1163371e+01
   4.1490000e+01   3.2244928e+01
   4.1520000e+01   3.2243367e+01
   4.1550000e+01   3.9359548e+01
   4.1580000e+01   4.0855979e+01
   4.1610000e+01   4.5625046e+01
   4.1640000e+01   4.3041304e+01
   4.1670000e+01   3.9099606e+01
   4.1700000e+01   3.6106380e+01
   4.1730000e+01   3.4449981e+01
   4.1760000e+01   3.2304790e+01
   4.1790000e+01   3.0653387e+01
   4.1820000e+01   2.6079594e+01
   4.1850000e+01   2.9677448e+01
   4.1880000e+01   3.2166574e+01
   4.1910000e+01   3.8404753e+01
   4.1940000e+01   3.8057390e+01
   4.1970000e+01   3.9691184e+01
   4.2000000e+01   3.6206067e+01
   4.2030000e+01   3.5126298e+01
   4.2060000e+01   3.1600806e+01
   4.2090000e+01   2.7261923e+01
   4.2120000e+01   2.8833439e+01
   4.2150000e+01   2.8358761e+01
   4.2180000e+01   2.8015468e+01
   4.2210000e+01   3.5162678e+01
   4.2240000e+01   3.8613571e+01
   4.2270000e+01   3.1653283e+01
   4.2300000e+01   3.0243545e+01
   4.2330000e+01   2.9590105e+01
   4.2360000e+01   2.9643990e+01
   4.2390000e+01   2.5755006e+01
   4.2420000e+01   2.6280725e+01
   4.2450000e+01   3.2598232e+01
   4.2480000e+01   3.2419549e+01
   4.2510000e+01   3.7521615e+01
   4.2540000e+01   3.6200803e+01
   4.2570000e+01   3.2857093e+01
   4.2600000e+01   2.9683287e+01
   4.2630000e+01   2.8729790e+01
   4.2660000e+01   3.0958387e+01
   4.2690000e+01   2.9298435e+01
   4.2720000e+01   3.3118035e+01
   4.2750000e+01   2.9437403e+01
   4.2780000e+01   2.7787220e+01
   4.2810000e+01   2.8993426e+01
   4.2840000e+01   2.9889641e+01
   4.2870000e+01   2.8739970e+01
   4.2900000e+01   3.1524384e+01
   4.2930000e+01   3.0871993e+01
   4.2960000e+01   2.7389874e+01
   4.2990000e+01   2.6958940e+01
   4.3020000e+01   2.6900470e+01
   4.3050000e+01   2.8778675e+01
   4.3080000e+01   3.4389828e+01
   4.3110000e+01   3.7162883e+01
   4.3140000e+01   3.4199027e+01
   4.3170000e+01   3.3457463e+01
   4.3200000e+01   3.1880523e+01
   4.3230000e+01   2.7005557e+01
   4.3260000e+01   3.0370129e+01
   4.3290000e+01   3.0619502e+01
   4.3320000e+01   3.3098554e+01
   4.3350000e+01   3.3574584e+01
   4.3380000e+01   3.8330526e+01
   4.3410000e+01   3.5331588e+01
   4.3440000e+01   3.7317379e+01
   4.3470000e+01   3.0994381e+01
   4.3500000e+01   3.1260792e+01
   4.3530000e+01   2.8178162e+01
   4.3560000e+01   3.3272687e+01
   4.3590000e+01   3.6588766e+01
   4.3620000e+01   3.2576970e+01
   4.3650000e+01   3.5736153e+01
   4.3680000e+01   3.4612607e+01
   4.3710000e+01   3.4698030e+01
   4.3740000e+01   3.2811692e+01
   4.3770000e+01   3.1624566e+01
   4.3800000e+01   3.0853325e+01
   4.3830000e+01   2.8366440e+01
   4.3860000e+01   3.1452398e+01
   4.3890000e+01   3.6895990e+01
   4.3920000e+01   3.5865950e+01
   4.3950000e+01   3.1826222e+01
   4.3980000e+01   3.8064352e+01
   4.4010000e+01   3.5914694e+01
   4.4040000e+01   4.3281742e+01
   4.4070000e+01   3.7063143e+01
   4.4100000e+01   3.6722177e+01
   4.4130000e+01   3.4277112e+01
   4.4160000e+01   3.1041304e+01
   4.4190000e+01   3.9964106e+01
   4.4220000e+01   3.9793168e+01
   4.4250000e+01   3.4543931e+01
   4.4280000e+01   3.5859962e+01
   4.4310000e+01   3.4220987e+01
   4.4340000e+01   2.8687946e+01
   4.4370000e+01   2.9173933e+01
   4.4400000e+01   2.8905079e+01
   4.4430000e+01   3.3672876e+01
   4.4460000e+01   3.2607915e+01
   4.4490000e+01   3.0087231e+01
   4.4520000e+01   3.0903534e+01
   4.4550000e+01   3.2238794e+01
   4.4580000e+01   3.5278007e+01
   4.4610000e+01   3.2028764e+01
   4.4640000e+01   2.7561616e+01
   4.4670000e+01   2.8671048e+01
   4.4700000e+01   3.5071594e+01
   4.4730000e+01   6.4796587e+01
   4.4760000e+01   6.2324442e+01
   4.4790000e+01   5.7556006e+01
   4.4820000e+01   5.6969733e+01
   4.4850000e+01   5.3480862e+01
   4.4880000e+01   4.8397080e+01
   4.4910000e+01   4.5871249e+01
   4.4940000e+01   4.2656392e+01
   4.4970000e+01   3.7564932e+01
   4.5000000e+01   3.0042006e+01
   4.5030000e+01   2.7683983e+01
   4.5060000e+01   2.7488590e+01
   4.5090000e+01   3.1132118e+01
   4.5120000e+01   4.5366631e+01
   4.5150000e+01   4.4987449e+01
   4.5180000e+01   4.2421123e+01
   4.5210000e+01   4.6253154e+01
   4.5240000e+01   4.6980277e+01
   4.5270000e+01   3.8334071e+01
   4.5300000e+01   3.3479667e+01
   4.5330000e+01   2.8585918e+01
   4.5360000e+01   2.4728679e+01
   4.5390000e+01   2.7389480e+01
   4.5420000e+01   3.5764171e+01
   4.5450000e+01   3.7146453e+01
   4.5480000e+01   3.1792451e+01
   4.5510000e+01   2.7812595e+01
   4.5540000e+01   3.5055264e+01
   4.5570000e+01   3.6474014e+01
   4.5600000e+01   2.9369370e+01
   4.5630000e+01   3.8685267e+01
   4.5660000e+01   4.0878077e+01
   4.5690000e+01   3.1267844e+01
   4.5720000e+01   2.8772737e+01
   4.5750000e+01   3.4051430e+01
   4.5780000e+01   3.5383996e+01
   4.5810000e+01   3.2647746e+01
   4.5840000e+01   3.0251406e+01
   4.5870000e+01   3.0469880e+01
   4.5900000e+01   3.4258172e+01
   4.5930000e+01   2.9001078e+01
   4.5960000e+01   2.7928727e+01
   4.5990000e+01   4.2347295e+01
   4.6020000e+01   4.6029518e+01
   4.6050000e+01   4.3511182e+01
   4.6080000e+01   3.9351629e+01
   4.6110000e+01   3.8881181e+01
   4.6140000e+01   3.8691720e+01
   4.6170000e+01   3.6000175e+01
   4.6200000e+01   3.2451139e+01
   4.6230000e+01   3.5343209e+01
   4.6260000e+01   3.9526261e+01
   4.6290000e+01   4.7677966e+01
   4.6320000e+01   4.8731550e+01
   4.6350000e+01   4.7002234e+01
   4.6380000e+01   4.3047350e+01
   4.6410000e+01   3.6702378e+01
   4.6440000e+01   3.5380552e+01
   4.6470000e+01   3.1105697e+01
   4.6500000e+01   2.7313335e+01
   4.6530000e+01   2.6128780e+01
   4.6560000e+01   3.0493318e+01
   4.6590000e+01   3.2776706e+01
   4.6620000e+01   2.9249987e+01
   4.6650000e+01   2.9301201e+01
   4.6680000e+01   2.9812486e+01
   4.6710000e+01   2.8405341e+01
   4.6740000e+01   3.2076078e+01
   4.6770000e+01   3.2904448e+01
   4.6800000e+01   3.0685917e+01
   4.6830000e+01   3.4486262e+01
   4.6860000e+01   3.5133847e+01
   4.6890000e+01   3.1071337e+01
   4.6920000e+01   2.9024987e+01
   4.6950000e+01   3.0289692e+01
   4.6980000e+01   3.1288102e+01
   4.7010000e+01   2.9129071e+01
   4.7040000e+01   2.8407535e+01
   4.7070000e+01   3.0347701e+01
   4.7100000e+01   3.9063041e+01
   4.7130000e+01   3.4883076e+01
   4.7160000e+01   3.1353469e+01
   4.7190000e+01   2.9093946e+01
   4.7220000e+01   3.1624533e+01
   4.7250000e+01   3.0668605e+01
   4.7280000e+01   3.4109773e+01
   4.7310000e+01   3.4915997e+01
   4.7340000e+01   3.2162724e+01
   4.7370000e+01   2.7495955e+01
   4.7400000e+01   3.0803966e+01
   4.7430000e+01   2.7315624e+01
   4.7460000e+01   2.7034378e+01
   4.7490000e+01   2.8391602e+01
   4.7520000e+01   3.6609025e+01
   4.7550000e+01   3.2896678e+01
   4.7580000e+01   3.2923213e+01
   4.7610000e+01   2.9921407e+01
   4.7640000e+01   2.6107531e+01
   4.7670000e+01   2.8403496e+01
   4.7700000e+01   2.9623156e+01
   4.7730000e+01   3.5368414e+01
   4.7760000e+01   3.1257554e+01
   4.7790000e+01   3.0118815e+01
   4.7820000e+01   3.0050909e+01
   4.7850000e+01   3.0165259e+01
   4.7880000e+01   3.4808501e+01
   4.7910000e+01   3.5509202e+01
   4.7940000e+01   3.0887344e+01
   4.7970000e+01   3.2786396e+01
   4.8000000e+01   3.8072437e+01
   4.8030000e+01   3.6346901e+01
   4.8060000e+01   3.0659965e+01
   4.8090000e+01   2.9417374e+01
   4.8120000e+01   2.9864207e+01
   4.8150000e+01   3.4133710e+01
   4.8180000e+01   3.2504966e+01
   4.8210000e+01   3.1004061e+01
   4.8240000e+01   2.7609568e+01
   4.8270000e+01   3.1471389e+01
   4.8300000e+01   2.9797654e+01
   4.8330000e+01   2.9044082e+01
   4.8360000e+01   2.8488782e+01
   4.8390000e+01   3.0435706e+01
   4.8420000e+01   2.9277544e+01
   4.8450000e+01   2.6982946e+01
   4.8480000e+01   2.9373838e+01
   4.8510000e+01   2.6557088e+01
   4.8540000e+01   2.6184326e+01
   4.8570000e+01   3.5489300e+01
   4.8600000e+01   3.1526186e+01
   4.8630000e+01   2.7213089e+01
   4.8660000e+01   2.6355102e+01
   4.8690000e+01   4.8559534e+01
   4.8720000e+01   5.4145178e+01
   4.8750000e+01   4.7642085e+01
   4.8780000e+01   5.2410471e+01
   4.8810000e+01   4.7250962e+01
   4.8840000e+01   4.2034411e+01
   4.8870000e+01   3.7742530e+01
   4.8900000e+01   3.5244952e+01
   4.8930000e+01   3.3023628e+01
   4.8960000e+01   4.2816058e+01
   4.8990000e+01   5.4770713e+01
   4.9020000e+01   4.9603356e+01
   4.9050000e+01   4.9961413e+01
   4.9080000e+01   4.7519012e+01
   4.9110000e+01   4.3858250e+01
   4.9140000e+01   3.7648479e+01
   4.9170000e+01   3.4980772e+01
   4.9200000e+01   2.8270141e+01
   4.9230000e+01   2.8083339e+01
   4.9260000e+01   3.1620118e+01
   4.9290000e+01   3.0571369e+01
   4.9320000e+01   2.7823210e+01
   4.9350000e+01   2.7590132e+01
   4.9380000e+01   2.9270108e+01
   4.9410000e+01   3.0127250e+01
   4.9440000e+01   3.1348282e+01
   4.9470000e+01   3.0428884e+01
   4.9500000e+01   2.9554762e+01
   4.9530000e+01   2.9268791e+01
   4.9560000e+01   4.2924265e+01
   4.9590000e+01   4.5119430e+01
   4.9620000e+01   4.1589029e+01
   4.9650000e+01   4.2009641e+01
   4.9680000e+01   5.0333955e+01
   4.9710000e+01   4.1315615e+01
   4.9740000e+01   3.5495464e+01
   4.9770000e+01   3.2530703e+01
   4.9800000e+01   2.8520931e+01
   4.9830000e+01   2.8812828e+01
   4.9860000e+01   2.8636992e+01
   4.9890000e+01   2.7124611e+01
   4.9920000e+01   2.8311653e+01
   4.9950000e+01   3.1460670e+01
   4.9980000e+01   3.7029509e+01
   5.0010000e+01   3.9109547e+01
   5.0040000e+01   3.5806954e+01
   5.0070000e+01   3.4203204e+01
   5.0100000e+01   2.7026631e+01
   5.0130000e+01   2.9932731e+01
   5.0160000e+01   2.7739949e+01
   5.0190000e+01   2.9209083e+01
   5.0220000e+01   2.8428301e+01
   5.0250000e+01   2.9974773e+01
   5.0280000e+01   3.1897690e+01
   5.0310000e+01   4.0460998e+01
   5.0340000e+01   4.1432658e+01
   5.0370000e+01   3.9590629e+01
   5.0400000e+01   3.9226988e+01
   5.0430000e+01   4.2722481e+01
   5.0460000e+01   4.3293409e+01
   5.0490000e+01   4.3687347e+01
   5.0520000e+01   4.6363484e+01
   5.0550000e+01   4.3854741e+01
   5.0580000e+01   4.1126037e+01
   5.0610000e+01   4.0314857e+01
   5.0640000e+01   4.1390661e+01
   5.0670000e+01   3.7041154e+01
   5.0700000e+01   3.8154358e+01
   5.0730000e+01   4.0608826e+01
   5.0760000e+01   3.9424596e+01
   5.0790000e+01   3.6092877e+01
   5.0820000e+01   2.9834139e+01
   5.0850000e+01   2.8337326e+01
   5.0880000e+01   2.8307878e+01
   5.0910000e+01   3.2540034e+01
   5.0940000e+01   3.0002891e+01
   5.0970000e+01   3.1435719e+01
   5.1000000e+01   3.1370546e+01
   5.1030000e+01   3.4181340e+01
   5.1060000e+01   2.8399832e+01
   5.1090000e+01   2.9071717e+01
   5.1120000e+01   2.5488995e+01
   5.1150000e+01   2.6238561e+01
   5.1180000e+01   3.4998381e+01
   5.1210000e+01   3.7639660e+01
   5.1240000e+01   4.5096475e+01
   5.1270000e+01   4.9100892e+01
   5.1300000e+01   4.4074346e+01
   5.1330000e+01   5.2718456e+01
   5.1360000e+01   4.8703737e+01
   5.1390000e+01   4.1988643e+01
   5.1420000e+01   3.9453232e+01
   5.1450000e+01   3.8421550e+01
   5.1480000e+01   4.2933932e+01
   5.1510000e+01   5.6090838e+01
   5.1540000e+01   5.0902900e+01
   5.1570000e+01   5.0255567e+01
   5.1600000e+01   4.8008342e+01
   5.1630000e+01   4.3435024e+01
   5.1660000e+01   3.7612225e+01
   5.1690000e+01   3.4303838e+01
   5.1720000e+01   3.0383744e+01
   5.1750000e+01   2.7198206e+01
   5.1780000e+01   3.3332450e+01
   5.1810000e+01   3.2925890e+01
   5.1840000e+01   3.1911286e+01
   5.1870000e+01   3.3535838e+01
   5.1900000e+01   3.1555254e+01
   5.1930000e+01   3.0360644e+01
   5.1960000e+01   4.2785403e+01
   5.1990000e+01   4.2108441e+01
   5.2020000e+01   3.8630359e+01
   5.2050000e+01   2.9914201e+01
   5.2080000e+01   2.8462852e+01
   5.2110000e+01   3.5710585e+01
   5.2140000e+01   4.2083125e+01
   5.2170000e+01   3.8812424e+01
   5.2200000e+01   3.2697560e+01
   5.2230000e+01   3.1751046e+01
   5.2260000e+01   3.2649920e+01
   5.2290000e+01   3.0855508e+01
   5.2320000e+01   2.9801443e+01
   5.2350000e+01   3.1081029e+01
   5.2380000e+01   3.1590198e+01
   5.2410000e+01   3.0545990e+01
   5.2440000e+01   2.9257481e+01
   5.2470000e+01   3.2037314e+01
   5.2500000e+01   3.2838996e+01
   5.2530000e+01   3.2442905e+01
   5.2560000e+01   2.5236207e+01
   5.2590000e+01   2.7777658e+01
   5.2620000e+01   3.1699489e+01
   5.2650000e+01   2.6187763e+01
   5.2680000e+01   3.1612059e+01
   5.2710000e+01   3.0354072e+01
   5.2740000e+01   3.2805213e+01
   5.2770000e+01   3.4679612e+01
   5.2800000e+01   3.8901338e+01
   5.2830000e+01   4.0796188e+01
   5.2860000e+01   4.3230242e+01
   5.2890000e+01   4.3797821e+01
   5.2920000e+01   3.6860566e+01
   5.2950000e+01   3.9743453e+01
   5.2980000e+01   3.9597567e+01
   5.3010000e+01   3.7685751e+01
   5.3040000e+01   4.0687649e+01
   5.3070000e+01   3.6224220e+01
   5.3100000e+01   3.8009082e+01
   5.3130000e+01   3.7592097e+01
   5.3160000e+01   3.5796221e+01
   5.3190000e+01   3.6570888e+01
   5.3220000e+01   3.6160504e+01
   5.3250000e+01   2.9529260e+01
   5.3280000e+01   3.1553912e+01
   5.3310000e+01   3.3686386e+01
   5.3340000e+01   3.3769207e+01
   5.3370000e+01   3.8689007e+01
   5.3400000e+01   3.1451637e+01
   5.3430000e+01   2.9117049e+01
   5.3460000e+01   3.0989584e+01
   5.3490000e+01   3.0489520e+01
   5.3520000e+01   3.4442102e+01
   5.3550000e+01   3.8484167e+01
   5.3580000e+01   3.6797261e+01
   5.3610000e+01   3.2448898e+01
   5.3640000e+01   2.7248312e+01
   5.3670000e+01   2.9694204e+01
   5.3700000e+01   3.2434819e+01
   5.3730000e+01   3.0076273e+01
   5.3760000e+01   2.9639199e+01
   5.3790000e+01   2.7904168e+01
   5.3820000e+01   3.4040477e+01
   5.3850000e+01   3.0464184e+01
   5.3880000e+01   3.1015674e+01
   5.3910000e+01   3.0877443e+01
   5.3940000e+01   3.8431784e+01
   5.3970000e+01   5.1484380e+01
   5.4000000e+01   4.7585402e+01
   5.4030000e+01   4.6421190e+01
   5.4060000e+01   4.3030948e+01
   5.4090000e+01   3.7991221e+01
   5.4120000e+01   3.3347979e+01
   5.4150000e+01   3.2691607e+01
   5.4180000e+01   3.4026365e+01
   5.4210000e+01   3.0391487e+01
   5.4240000e+01   2.7816525e+01
   5.4270000e+01   2.5926785e+01
   5.4300000e+01   2.8208501e+01
   5.4330000e+01   2.8885062e+01
   5.4360000e+01   2.5853172e+01
   5.4390000e+01   3.1518193e+01
   5.4420000e+01   3.5149671e+01
   5.4450000e+01   3.4445817e+01
   5.4480000e+01   3.2881743e+01
   5.4510000e+01   3.0361596e+01
   5.4540000e+01   3.1706521e+01
   5.4570000e+01   3.4976370e+01
   5.4600000e+01   3.6548776e+01
   5.4630000e+01   4.6657057e+01
   5.4660000e+01   4.7812377e+01
   5.4690000e+01   4.0219885e+01
   5.4720000e+01   3.0515030e+01
   5.4750000e+01   2.8875316e+01
   5.4780000e+01   3.7742983e+01
   5.4810000e+01   3.2881278e+01
   5.4840000e+01   3.3494725e+01
   5.4870000e+01   3.3114338e+01
   5.4900000e+01   2.8312436e+01
   5.4930000e+01   3.0324289e+01
   5.4960000e+01   3.1962871e+01
   5.4990000e+01   3.6669844e+01
   5.5020000e+01   3.5881411e+01
   5.5050000e+01   3.1106032e+01
   5.5080000e+01   2.6397345e+01
   5.5110000e+01   3.2568142e+01
   5.5140000e+01   3.3657641e+01
   5.5170000e+01   3.3833694e+01
   5.5200000e+01   3.5992751e+01
   5.5230000e+01   3.8645861e+01
   5.5260000e+01   3.7029670e+01
   5.5290000e+01   3.5025338e+01
   5.5320000e+01   3.3494737e+01
   5.5350000e+01   2.7118713e+01
   5.5380000e+01   3.3585836e+01
   5.5410000e+01   3.8151793e+01
   5.5440000e+01   3.3430781e+01
   5.5470000e+01   4.6190678e+01
   5.5500000e+01   4.4030756e+01
   5.5530000e+01   3.8519305e+01
   5.5560000e+01   4.5305622e+01
   5.5590000e+01   4.7322309e+01
   5.5620000e+01   4.1898824e+01
   5.5650000e+01   3.9907992e+01
   5.5680000e+01   3.6714674e+01
   5.5710000e+01   3.8488650e+01
   5.5740000e+01   3.9004053e+01
   5.5770000e+01   3.1484955e+01
   5.5800000e+01   3.1719179e+01
   5.5830000e+01   2.8370503e+01
   5.5860000e+01   3.7932769e+01
   5.5890000e+01   3.8500034e+01
   5.5920000e+01   3.7992831e+01
   5.5950000e+01   3.5569821e+01
   5.5980000e+01   3.9545008e+01
   5.6010000e+01   3.2758989e+01
   5.6040000e+01   2.7020124e+01
   5.6070000e+01   2.9367422e+01
   5.6100000e+01   3.1516591e+01
   5.6130000e+01   3.4445489e+01
   5.6160000e+01   3.0998401e+01
   5.6190000e+01   3.0532866e+01
   5.6220000e+01   3.4219518e+01
   5.6250000e+01   4.9686898e+01
   5.6280000e+01   4.7972270e+01
   5.6310000e+01   4.5843371e+01
   5.6340000e+01   4.4025294e+01
   5.6370000e+01   3.6413276e+01
   5.6400000e+01   3.1701632e+01
   5.6430000e+01   3.2217681e+01
   5.6460000e+01   3.4144847e+01
   5.6490000e+01   3.5218362e+01
   5.6520000e+01   3.3215736e+01
   5.6550000e+01   3.2877122e+01
   5.6580000e+01   3.4650274e+01
   5.6610000e+01   3.1659089e+01
   5.6640000e+01   2.7209121e+01
   5.6670000e+01   2.7065440e+01
   5.6700000e+01   3.2762839e+01
   5.6730000e+01   2.7877068e+01
   5.6760000e+01   2.7210507e+01
   5.6790000e+01   3.3139559e+01
   5.6820000e+01   3.2343222e+01
   5.6850000e+01   3.5331235e+01
   5.6880000e+01   3.2623982e+01
   5.6910000e+01   3.0371035e+01
   5.6940000e+01   3.2618073e+01
   5.6970000e+01   3.3163577e+01
   5.7000000e+01   2.7711963e+01
   5.7030000e+01   2.7740961e+01
   5.7060000e+01   2.7133434e+01
   5.7090000e+01   3.1853995e+01
   5.7120000e+01   3.1646440e+01
   5.7150000e+01   3.4989541e+01
   5.7180000e+01   4.0830797e+01
   5.7210000e+01   4.2464617e+01
   5.7240000e+01   4.4733353e+01
   5.7270000e+01   4.1256351e+01
   5.7300000e+01   4.2978324e+01
   5.7330000e+01   3.9496954e+01
   5.7360000e+01   4.4110323e+01
   5.7390000e+01   4.0877174e+01
   5.7420000e+01   3.8084532e+01
   5.7450000e+01   3.6649901e+01
   5.7480000e+01   3.7846809e+01
   5.7510000e+01   3.5219765e+01
   5.7540000e+01   3.3241655e+01
   5.7570000e+01   3.4258214e+01
   5.7600000e+01   3.4033740e+01
   5.7630000e+01   3.9017467e+01
   5.7660000e+01   3.7479929e+01
   5.7690000e+01   3.4074282e+01
   5.7720000e+01   2.9401664e+01
   5.7750000e+01   2.8767731e+01
   5.7780000e+01   2.7693210e+01
   5.7810000e+01   2.4782265e+01
   5.7840000e+01   2.7351962e+01
   5.7870000e+01   3.2462524e+01
   5.7900000e+01   3.1241142e+01
   5.7930000e+01   3.0714390e+01
   5.7960000e+01   3.1517337e+01
   5.7990000e+01   2.9250623e+01
   5.8020000e+01   3.5402114e+01
   5.8050000e+01   3.7468756e+01
   5.8080000e+01   3.3336448e+01
   5.8110000e+01   3.0357386e+01
   5.8140000e+01   2.6746502e+01
   5.8170000e+01   2.5124346e+01
   5.8200000e+01   2.6809889e+01
   5.8230000e+01   2.9534128e+01
   5.8260000e+01   3.0805147e+01
   5.8290000e+01   2.8770199e+01
   5.8320000e+01   2.9100833e+01
   5.8350000e+01   3.3701483e+01
   5.8380000e+01   4.2158150e+01
   5.8410000e+01   4.8187028e+01
   5.8440000e+01   4.2395051e+01
   5.8470000e+01   3.8050382e+01
   5.8500000e+01   4.6653236e+01
   5.8530000e+01   4.1617406e+01
   5.8560000e+01   4.3936199e+01
   5.8590000e+01   4.2171467e+01
   5.8620000e+01   3.6066817e+01
   5.8650000e+01   3.8851680e+01
   5.8680000e+01   4.2316605e+01
   5.8710000e+01   3.7575749e+01
   5.8740000e+01   3.2223688e+01
   5.8770000e+01   3.5481871e+01
   5.8800000e+01   4.3367130e+01
   5.8830000e+01   5.0712145e+01
   5.8860000e+01   4.0565651e+01
   5.8890000e+01   3.4275890e+01
   5.8920000e+01   3.2191161e+01
   5.8950000e+01   2.9607509e+01
   5.8980000e+01   2.9159272e+01
   5.9010000e+01   2.9248590e+01
   5.9040000e+01   4.2335896e+01
   5.9070000e+01   4.1770276e+01
   5.9100000e+01   3.6421891e+01
   5.9130000e+01   3.3797460e+01
   5.9160000e+01   3.9610737e+01
   5.9190000e+01   3.9443119e+01
